17	618874	618974	VPS53	55	100	55.0
17	618974	619054	VPS53	34	80	42.5
17	3765450	3765550	CAMKK1	70	100	70.0
17	3765550	3765630	CAMKK1	44	80	55.0
17	3769131	3769231	CAMKK1	61	100	61.0
17	3769231	3769331	CAMKK1	59	100	59.0
17	3769331	3769371	CAMKK1	28	40	70.0
17	3772724	3772824	CAMKK1	62	100	62.0
17	3772824	3772924	CAMKK1	66	100	66.0
17	3772924	3772964	CAMKK1	25	40	62.5
17	3773048	3773148	CAMKK1	55	100	55.0
17	3773148	3773228	CAMKK1	49	80	61.25
17	3775794	3775894	CAMKK1	60	100	60.0
17	3775894	3775974	CAMKK1	47	80	58.75
17	3776639	3776739	CAMKK1	64	100	64.0
17	3776739	3776819	CAMKK1	47	80	58.75
17	3779496	3779596	CAMKK1	65	100	65.0
17	3779596	3779696	CAMKK1	59	100	59.0
17	3779696	3779736	CAMKK1	23	40	57.5
17	3783593	3783693	CAMKK1	67	100	67.0
17	3783693	3783773	CAMKK1	47	80	58.75
17	3784841	3784941	CAMKK1	58	100	58.0
17	3784941	3785021	CAMKK1	43	80	53.75
17	3785487	3785587	CAMKK1	59	100	59.0
17	3785587	3785687	CAMKK1	55	100	55.0
17	3785687	3785727	CAMKK1	21	40	52.5
17	3785749	3785849	CAMKK1	58	100	58.0
17	3785849	3785929	CAMKK1	53	80	66.25
17	3786282	3786382	CAMKK1	58	100	58.0
17	3786382	3786482	CAMKK1	68	100	68.0
17	3786482	3786522	CAMKK1	24	40	60.0
17	3786658	3786758	CAMKK1	51	100	51.0
17	3786758	3786838	CAMKK1	41	80	51.25
17	3787114	3787214	CAMKK1	60	100	60.0
17	3787214	3787294	CAMKK1	51	80	63.75
17	3787607	3787707	CAMKK1	58	100	58.0
17	3787707	3787787	CAMKK1	53	80	66.25
17	3788582	3788682	CAMKK1	67	100	67.0
17	3788682	3788782	CAMKK1	65	100	65.0
17	3788782	3788882	CAMKK1	64	100	64.0
17	3788882	3788982	CAMKK1	61	100	61.0
17	3788982	3789062	CAMKK1	43	80	53.75
17	3793915	3794015	CAMKK1	61	100	61.0
17	3794015	3794095	CAMKK1	43	80	53.75
17	7569482	7569582	TP53	47	100	47.0
17	7569582	7569662	TP53	27	80	33.75
17	7572877	7572977	TP53	52	100	52.0
17	7572977	7573057	TP53	41	80	51.25
17	7573859	7573959	TP53	62	100	62.0
17	7573959	7574059	TP53	60	100	60.0
17	7574059	7574099	TP53	13	40	32.5
17	7576470	7576570	TP53	34	100	34.0
17	7576570	7576670	TP53	33	100	33.0
17	7576670	7576730	TP53	23	60	38.3333333333
17	7576799	7576899	TP53	44	100	44.0
17	7576899	7576999	TP53	52	100	52.0
17	7576999	7577099	TP53	60	100	60.0
17	7577099	7577199	TP53	49	100	49.0
17	7577199	7577206	TP53	4	7	57.1428571429
17	7577433	7577533	TP53	62	100	62.0
17	7577533	7577633	TP53	52	100	52.0
17	7577633	7577673	TP53	28	40	70.0
17	7578112	7578212	TP53	61	100	61.0
17	7578212	7578312	TP53	46	100	46.0
17	7578312	7578412	TP53	67	100	67.0
17	7578412	7578512	TP53	65	100	65.0
17	7578512	7578582	TP53	36	70	51.4285714286
17	7579300	7579400	TP53	57	100	57.0
17	7579400	7579500	TP53	71	100	71.0
17	7579500	7579600	TP53	51	100	51.0
17	7579620	7579720	TP53	65	100	65.0
17	7579720	7579820	TP53	59	100	59.0
17	7579820	7579920	TP53	53	100	53.0
17	7579920	7579965	TP53	27	45	60.0
17	7826368	7826468	KCNAB3	64	100	64.0
17	7826468	7826548	KCNAB3	53	80	66.25
17	7826727	7826827	KCNAB3	64	100	64.0
17	7826827	7826907	KCNAB3	46	80	57.5
17	7826968	7827068	KCNAB3	63	100	63.0
17	7827068	7827168	KCNAB3	51	100	51.0
17	7827168	7827208	KCNAB3	24	40	60.0
17	7827242	7827342	KCNAB3	55	100	55.0
17	7827342	7827442	KCNAB3	51	100	51.0
17	7827442	7827542	KCNAB3	54	100	54.0
17	7827542	7827642	KCNAB3	52	100	52.0
17	7827685	7827785	KCNAB3	62	100	62.0
17	7827785	7827865	KCNAB3	41	80	51.25
17	7828367	7828467	KCNAB3	49	100	49.0
17	7828467	7828547	KCNAB3	47	80	58.75
17	7828932	7829032	KCNAB3	51	100	51.0
17	7829032	7829112	KCNAB3	41	80	51.25
17	7829180	7829280	KCNAB3;RP11-1099M24.7	51	100	51.0
17	7829280	7829380	KCNAB3;RP11-1099M24.7	46	100	46.0
17	7829380	7829480	KCNAB3;RP11-1099M24.7	46	100	46.0
17	7829480	7829488	KCNAB3;RP11-1099M24.7	6	8	75.0
17	7830611	7830711	KCNAB3;RP11-1099M24.7	52	100	52.0
17	7830711	7830791	KCNAB3;RP11-1099M24.7	39	80	48.75
17	7830903	7831003	KCNAB3;RP11-1099M24.7	46	100	46.0
17	7831003	7831103	KCNAB3;RP11-1099M24.7	52	100	52.0
17	7831103	7831203	KCNAB3;RP11-1099M24.7	52	100	52.0
17	7831203	7831212	KCNAB3;RP11-1099M24.7	8	9	88.8888888889
17	7831556	7831656	KCNAB3;RP11-1099M24.7	55	100	55.0
17	7831656	7831736	KCNAB3;RP11-1099M24.7	43	80	53.75
17	7832420	7832520	KCNAB3;RP11-1099M24.7	60	100	60.0
17	7832520	7832620	KCNAB3;RP11-1099M24.7	75	100	75.0
17	7832620	7832720	KCNAB3;RP11-1099M24.7	77	100	77.0
17	7832720	7832780	KCNAB3;RP11-1099M24.7	41	60	68.3333333333
17	8044371	8044471	PER1	55	100	55.0
17	8044471	8044571	PER1	70	100	70.0
17	8044571	8044671	PER1	59	100	59.0
17	8045077	8045177	PER1	56	100	56.0
17	8045177	8045277	PER1	64	100	64.0
17	8045277	8045317	PER1	24	40	60.0
17	8045561	8045661	PER1	58	100	58.0
17	8045661	8045761	PER1	61	100	61.0
17	8045761	8045801	PER1	25	40	62.5
17	8045939	8046039	PER1	64	100	64.0
17	8046039	8046139	PER1	65	100	65.0
17	8046139	8046179	PER1	28	40	70.0
17	8046558	8046658	PER1	71	100	71.0
17	8046658	8046758	PER1	63	100	63.0
17	8046758	8046858	PER1	67	100	67.0
17	8046858	8046958	PER1	61	100	61.0
17	8046958	8047058	PER1	69	100	69.0
17	8047058	8047158	PER1	65	100	65.0
17	8047158	8047218	PER1	43	60	71.6666666667
17	8047367	8047467	PER1	58	100	58.0
17	8047467	8047567	PER1	61	100	61.0
17	8047567	8047607	PER1	21	40	52.5
17	8047866	8047966	PER1	66	100	66.0
17	8047966	8048066	PER1	64	100	64.0
17	8048066	8048166	PER1	64	100	64.0
17	8048166	8048266	PER1	71	100	71.0
17	8048266	8048346	PER1	45	80	56.25
17	8049245	8049345	PER1	59	100	59.0
17	8049345	8049445	PER1	70	100	70.0
17	8049445	8049485	PER1	23	40	57.5
17	8049634	8049734	PER1	61	100	61.0
17	8049734	8049834	PER1	59	100	59.0
17	8049834	8049874	PER1	26	40	65.0
17	8049877	8049977	PER1	61	100	61.0
17	8049977	8050077	PER1	66	100	66.0
17	8050077	8050117	PER1	19	40	47.5
17	8050147	8050247	PER1	67	100	67.0
17	8050247	8050347	PER1	52	100	52.0
17	8050347	8050387	PER1	27	40	67.5
17	8050513	8050613	PER1	61	100	61.0
17	8050613	8050713	PER1	71	100	71.0
17	8050713	8050813	PER1	62	100	62.0
17	8050813	8050913	PER1	63	100	63.0
17	8050913	8051013	PER1	68	100	68.0
17	8051013	8051113	PER1	62	100	62.0
17	8051113	8051188	PER1	45	75	60.0
17	8051247	8051347	PER1	59	100	59.0
17	8051347	8051447	PER1	68	100	68.0
17	8051447	8051547	PER1	62	100	62.0
17	8051547	8051627	PER1	45	80	56.25
17	8051912	8052012	PER1	64	100	64.0
17	8052012	8052112	PER1	62	100	62.0
17	8052112	8052152	PER1	22	40	55.0
17	8052512	8052612	PER1	44	100	44.0
17	8052612	8052692	PER1	48	80	60.0
17	8052760	8052860	PER1	65	100	65.0
17	8052860	8052960	PER1	63	100	63.0
17	8052960	8053000	PER1	25	40	62.5
17	8053013	8053113	PER1	61	100	61.0
17	8053113	8053213	PER1	60	100	60.0
17	8053213	8053313	PER1	61	100	61.0
17	8053313	8053413	PER1	65	100	65.0
17	8053413	8053485	PER1	40	72	55.5555555556
17	8053495	8053595	PER1	67	100	67.0
17	8053595	8053675	PER1	46	80	57.5
17	8053736	8053836	PER1	60	100	60.0
17	8053836	8053936	PER1	62	100	62.0
17	8053936	8054036	PER1	67	100	67.0
17	8055612	8055712	PER1;RP11-599B13.6	73	100	73.0
17	8055712	8055792	PER1;RP11-599B13.6	56	80	70.0
17	8059558	8059658	PER1;RP11-599B13.6	63	100	63.0
17	8059658	8059738	PER1;RP11-599B13.6	51	80	63.75
17	11924140	11924240	RPL21P122;MAP2K4	75	100	75.0
17	11924240	11924340	RPL21P122;MAP2K4	80	100	80.0
17	11924340	11924380	RPL21P122;MAP2K4	31	40	77.5
17	11935508	11935608	MAP2K4	30	100	30.0
17	11935608	11935688	MAP2K4	24	80	30.0
17	11958136	11958236	MAP2K4	33	100	33.0
17	11958236	11958336	MAP2K4	40	100	40.0
17	11958336	11958376	MAP2K4	9	40	22.5
17	11984639	11984739	MAP2K4	41	100	41.0
17	11984739	11984839	MAP2K4	44	100	44.0
17	11984839	11984879	MAP2K4	13	40	32.5
17	11998831	11998931	MAP2K4	30	100	30.0
17	11998931	11999031	MAP2K4	39	100	39.0
17	11999031	11999071	MAP2K4	14	40	35.0
17	12011046	12011146	MAP2K4	33	100	33.0
17	12011146	12011246	MAP2K4	27	100	27.0
17	12011246	12011286	MAP2K4	12	40	30.0
17	12013627	12013727	MAP2K4	35	100	35.0
17	12013727	12013807	MAP2K4	24	80	30.0
17	12016493	12016593	MAP2K4	32	100	32.0
17	12016593	12016693	MAP2K4	49	100	49.0
17	12016693	12016733	MAP2K4	21	40	52.5
17	12028559	12028659	MAP2K4	41	100	41.0
17	12028659	12028739	MAP2K4	32	80	40.0
17	12032409	12032509	MAP2K4	39	100	39.0
17	12032509	12032609	MAP2K4	46	100	46.0
17	12032609	12032649	MAP2K4	17	40	42.5
17	12043088	12043188	MAP2K4	27	100	27.0
17	12043188	12043268	MAP2K4	39	80	48.75
17	12044400	12044500	MAP2K4	34	100	34.0
17	12044500	12044600	MAP2K4	45	100	45.0
17	12044600	12044640	MAP2K4	16	40	40.0
17	15935583	15935683	TTC19;NCOR1	57	100	57.0
17	15935683	15935783	TTC19;NCOR1	54	100	54.0
17	15935783	15935823	TTC19;NCOR1	13	40	32.5
17	15938048	15938148	TTC19;NCOR1	49	100	49.0
17	15938148	15938248	TTC19;NCOR1	49	100	49.0
17	15938248	15938288	TTC19;NCOR1	12	40	30.0
17	15942577	15942677	TTC19;NCOR1	36	100	36.0
17	15942677	15942777	TTC19;NCOR1	43	100	43.0
17	15942777	15942877	TTC19;NCOR1	51	100	51.0
17	15942877	15942977	TTC19;NCOR1	48	100	48.0
17	15942977	15942997	TTC19;NCOR1	5	20	25.0
17	15943691	15943791	TTC19;NCOR1;AC002553.1	37	100	37.0
17	15943791	15943871	TTC19;NCOR1;AC002553.1	26	80	32.5
17	15950215	15950315	NCOR1	38	100	38.0
17	15950315	15950415	NCOR1	44	100	44.0
17	15950415	15950455	NCOR1	15	40	37.5
17	15952110	15952210	NCOR1	57	100	57.0
17	15952210	15952310	NCOR1	56	100	56.0
17	15952310	15952350	NCOR1	13	40	32.5
17	15960789	15960889	NCOR1	38	100	38.0
17	15960889	15960989	NCOR1	46	100	46.0
17	15960989	15961089	NCOR1	41	100	41.0
17	15961179	15961279	NCOR1	39	100	39.0
17	15961279	15961379	NCOR1	50	100	50.0
17	15961379	15961419	NCOR1	17	40	42.5
17	15961728	15961828	NCOR1	37	100	37.0
17	15961828	15961928	NCOR1	46	100	46.0
17	15961928	15961968	NCOR1	12	40	30.0
17	15964691	15964791	NCOR1	49	100	49.0
17	15964791	15964891	NCOR1	47	100	47.0
17	15964891	15964991	NCOR1	45	100	45.0
17	15964991	15965091	NCOR1	45	100	45.0
17	15965091	15965191	NCOR1	60	100	60.0
17	15965191	15965231	NCOR1	20	40	50.0
17	15965381	15965481	NCOR1	41	100	41.0
17	15965481	15965581	NCOR1	53	100	53.0
17	15965581	15965621	NCOR1	15	40	37.5
17	15967321	15967421	NCOR1	52	100	52.0
17	15967421	15967521	NCOR1	58	100	58.0
17	15967521	15967561	NCOR1	11	40	27.5
17	15968138	15968238	NCOR1	46	100	46.0
17	15968238	15968338	NCOR1	45	100	45.0
17	15968338	15968378	NCOR1	10	40	25.0
17	15968783	15968883	NCOR1	56	100	56.0
17	15968883	15968983	NCOR1	41	100	41.0
17	15968983	15969023	NCOR1	20	40	50.0
17	15971171	15971271	NCOR1	45	100	45.0
17	15971271	15971371	NCOR1	60	100	60.0
17	15971371	15971471	NCOR1	40	100	40.0
17	15973448	15973548	NCOR1	46	100	46.0
17	15973548	15973648	NCOR1	54	100	54.0
17	15973648	15973748	NCOR1	52	100	52.0
17	15973748	15973848	NCOR1	44	100	44.0
17	15973848	15973868	NCOR1	6	20	30.0
17	15974700	15974800	NCOR1	44	100	44.0
17	15974800	15974900	NCOR1	44	100	44.0
17	15974900	15975000	NCOR1	38	100	38.0
17	15975410	15975510	NCOR1	41	100	41.0
17	15975510	15975590	NCOR1	32	80	40.0
17	15976692	15976792	NCOR1	36	100	36.0
17	15976792	15976892	NCOR1	38	100	38.0
17	15976892	15976932	NCOR1	18	40	45.0
17	15978811	15978911	NCOR1	37	100	37.0
17	15978911	15979011	NCOR1	56	100	56.0
17	15979011	15979051	NCOR1	19	40	47.5
17	15983207	15983307	NCOR1	39	100	39.0
17	15983307	15983407	NCOR1	43	100	43.0
17	15983407	15983447	NCOR1	22	40	55.0
17	15983652	15983752	NCOR1	35	100	35.0
17	15983752	15983852	NCOR1	46	100	46.0
17	15983852	15983952	NCOR1	43	100	43.0
17	15983952	15984052	NCOR1	44	100	44.0
17	15984052	15984100	NCOR1	10	48	20.8333333333
17	15989555	15989655	NCOR1	39	100	39.0
17	15989655	15989755	NCOR1	58	100	58.0
17	15989755	15989795	NCOR1	9	40	22.5
17	15990452	15990552	NCOR1	55	100	55.0
17	15990552	15990652	NCOR1	50	100	50.0
17	15990652	15990692	NCOR1	11	40	27.5
17	15995150	15995250	NCOR1	43	100	43.0
17	15995250	15995350	NCOR1	53	100	53.0
17	15995350	15995390	NCOR1	15	40	37.5
17	16001625	16001725	NCOR1	39	100	39.0
17	16001725	16001825	NCOR1	41	100	41.0
17	16001825	16001865	NCOR1	7	40	17.5
17	16004541	16004641	NCOR1	58	100	58.0
17	16004641	16004741	NCOR1	44	100	44.0
17	16004741	16004841	NCOR1	51	100	51.0
17	16004841	16004941	NCOR1	49	100	49.0
17	16004941	16005041	NCOR1	52	100	52.0
17	16005041	16005141	NCOR1	44	100	44.0
17	16012042	16012142	NCOR1	31	100	31.0
17	16012142	16012242	NCOR1	46	100	46.0
17	16012242	16012282	NCOR1	4	40	10.0
17	16021151	16021251	NCOR1	37	100	37.0
17	16021251	16021351	NCOR1	37	100	37.0
17	16021351	16021391	NCOR1	14	40	35.0
17	16022677	16022777	NCOR1	33	100	33.0
17	16022777	16022857	NCOR1	29	80	36.25
17	16024354	16024454	NCOR1	62	100	62.0
17	16024454	16024554	NCOR1	60	100	60.0
17	16024554	16024594	NCOR1	15	40	37.5
17	16029339	16029439	NCOR1	20	100	20.0
17	16029439	16029539	NCOR1	35	100	35.0
17	16029539	16029579	NCOR1	12	40	30.0
17	16040555	16040655	NCOR1	39	100	39.0
17	16040655	16040755	NCOR1	29	100	29.0
17	16040755	16040795	NCOR1	6	40	15.0
17	16041408	16041508	NCOR1	37	100	37.0
17	16041508	16041588	NCOR1	24	80	30.0
17	16042290	16042390	NCOR1	28	100	28.0
17	16042390	16042490	NCOR1	43	100	43.0
17	16042490	16042530	NCOR1	8	40	20.0
17	16046874	16046974	NCOR1	32	100	32.0
17	16046974	16047054	NCOR1	31	80	38.75
17	16049655	16049755	NCOR1	34	100	34.0
17	16049755	16049855	NCOR1	41	100	41.0
17	16049855	16049895	NCOR1	8	40	20.0
17	16052707	16052807	NCOR1	31	100	31.0
17	16052807	16052887	NCOR1	25	80	31.25
17	16054826	16054926	NCOR1	45	100	45.0
17	16054926	16055006	NCOR1	29	80	36.25
17	16055195	16055295	NCOR1	33	100	33.0
17	16055295	16055375	NCOR1	23	80	28.75
17	16056590	16056690	NCOR1	27	100	27.0
17	16056690	16056770	NCOR1	20	80	25.0
17	16062010	16062110	NCOR1	46	100	46.0
17	16062110	16062210	NCOR1	52	100	52.0
17	16062210	16062250	NCOR1	21	40	52.5
17	16068263	16068363	NCOR1	32	100	32.0
17	16068363	16068463	NCOR1	44	100	44.0
17	16068463	16068503	NCOR1	13	40	32.5
17	16075105	16075205	NCOR1	49	100	49.0
17	16075205	16075305	NCOR1	49	100	49.0
17	16075305	16075345	NCOR1	10	40	25.0
17	16089814	16089914	NCOR1	38	100	38.0
17	16089914	16090014	NCOR1	45	100	45.0
17	16090014	16090054	NCOR1	9	40	22.5
17	16097709	16097809	NCOR1	37	100	37.0
17	16097809	16097909	NCOR1	45	100	45.0
17	16097909	16097949	NCOR1	13	40	32.5
17	17116949	17117049	MPRIP;RP11-45M22.4;FLCN	61	100	61.0
17	17117049	17117149	MPRIP;RP11-45M22.4;FLCN	56	100	56.0
17	17117149	17117189	MPRIP;RP11-45M22.4;FLCN	13	40	32.5
17	17118231	17118331	MPRIP;RP11-45M22.4;FLCN	55	100	55.0
17	17118331	17118431	MPRIP;RP11-45M22.4;FLCN	58	100	58.0
17	17118431	17118531	MPRIP;RP11-45M22.4;FLCN	66	100	66.0
17	17118531	17118631	MPRIP;RP11-45M22.4;FLCN	59	100	59.0
17	17118631	17118684	MPRIP;RP11-45M22.4;FLCN	32	53	60.3773584906
17	17119635	17119735	MPRIP;RP11-45M22.4;FLCN	73	100	73.0
17	17119735	17119835	MPRIP;RP11-45M22.4;FLCN	62	100	62.0
17	17119835	17119875	MPRIP;RP11-45M22.4;FLCN	26	40	65.0
17	17120319	17120419	MPRIP;RP11-45M22.4;FLCN	57	100	57.0
17	17120419	17120519	MPRIP;RP11-45M22.4;FLCN	55	100	55.0
17	17120519	17120559	MPRIP;RP11-45M22.4;FLCN	18	40	45.0
17	17122307	17122407	RP11-45M22.4;FLCN	66	100	66.0
17	17122407	17122507	RP11-45M22.4;FLCN	61	100	61.0
17	17122507	17122547	RP11-45M22.4;FLCN	17	40	42.5
17	17124667	17124767	RP11-45M22.4;FLCN	55	100	55.0
17	17124767	17124867	RP11-45M22.4;FLCN	68	100	68.0
17	17124867	17124967	RP11-45M22.4;FLCN	61	100	61.0
17	17125774	17125874	RP11-45M22.4;FLCN	54	100	54.0
17	17125874	17125974	RP11-45M22.4;FLCN	59	100	59.0
17	17125974	17126014	RP11-45M22.4;FLCN	19	40	47.5
17	17127196	17127296	RP11-45M22.4;FLCN	66	100	66.0
17	17127296	17127396	RP11-45M22.4;FLCN	56	100	56.0
17	17127396	17127496	RP11-45M22.4;FLCN	62	100	62.0
17	17129253	17129353	RP11-45M22.4;FLCN	50	100	50.0
17	17129353	17129453	RP11-45M22.4;FLCN	67	100	67.0
17	17129453	17129553	RP11-45M22.4;FLCN	65	100	65.0
17	17129553	17129653	RP11-45M22.4;FLCN	52	100	52.0
17	17129653	17129673	RP11-45M22.4;FLCN	7	20	35.0
17	17131176	17131276	RP11-45M22.4;FLCN	64	100	64.0
17	17131276	17131376	RP11-45M22.4;FLCN	59	100	59.0
17	17131376	17131476	RP11-45M22.4;FLCN	63	100	63.0
17	29230480	29230580	TEFM	44	100	44.0
17	29230580	29230660	TEFM	22	80	27.5
17	29422186	29422286	RP11-848P1.5;NF1	71	100	71.0
17	29422286	29422386	RP11-848P1.5;NF1	76	100	76.0
17	29422386	29422426	RP11-848P1.5;NF1	31	40	77.5
17	29482952	29483052	NF1	33	100	33.0
17	29483052	29483152	NF1	30	100	30.0
17	29483152	29483192	NF1	14	40	35.0
17	29485979	29486079	NF1	29	100	29.0
17	29486079	29486159	NF1	29	80	36.25
17	29490178	29490278	NF1	35	100	35.0
17	29490278	29490378	NF1	46	100	46.0
17	29490378	29490418	NF1	18	40	45.0
17	29496841	29496941	NF1	32	100	32.0
17	29496941	29497041	NF1	29	100	29.0
17	29497041	29497081	NF1	12	40	30.0
17	29508383	29508483	NF1	27	100	27.0
17	29508483	29508563	NF1	24	80	30.0
17	29508675	29508775	NF1	29	100	29.0
17	29508775	29508855	NF1	27	80	33.75
17	29509484	29509584	NF1	33	100	33.0
17	29509584	29509684	NF1	39	100	39.0
17	29509684	29509724	NF1	12	40	30.0
17	29527406	29527506	NF1	39	100	39.0
17	29527506	29527606	NF1	41	100	41.0
17	29527606	29527646	NF1	12	40	30.0
17	29527995	29528095	NF1	36	100	36.0
17	29528095	29528195	NF1	42	100	42.0
17	29528195	29528235	NF1	10	40	25.0
17	29528375	29528475	NF1	33	100	33.0
17	29528475	29528555	NF1	21	80	26.25
17	29533203	29533303	NF1	38	100	38.0
17	29533303	29533403	NF1	44	100	44.0
17	29533403	29533443	NF1	11	40	27.5
17	29541415	29541515	NF1	26	100	26.0
17	29541515	29541615	NF1	38	100	38.0
17	29541615	29541655	NF1	11	40	27.5
17	29545959	29546059	NF1	37	100	37.0
17	29546059	29546159	NF1	48	100	48.0
17	29546159	29546199	NF1	12	40	30.0
17	29548817	29548917	NF1	35	100	35.0
17	29548917	29549017	NF1	22	100	22.0
17	29549017	29549057	NF1	12	40	30.0
17	29550403	29550503	NF1	31	100	31.0
17	29550503	29550603	NF1	32	100	32.0
17	29550603	29550643	NF1	12	40	30.0
17	29552070	29552170	NF1	36	100	36.0
17	29552170	29552270	NF1	46	100	46.0
17	29552270	29552310	NF1	14	40	35.0
17	29553427	29553527	NF1	56	100	56.0
17	29553527	29553627	NF1	53	100	53.0
17	29553627	29553727	NF1	38	100	38.0
17	29554182	29554282	NF1	48	100	48.0
17	29554282	29554362	NF1	45	80	56.25
17	29554492	29554592	NF1	37	100	37.0
17	29554592	29554672	NF1	29	80	36.25
17	29556022	29556122	NF1	43	100	43.0
17	29556122	29556222	NF1	54	100	54.0
17	29556222	29556322	NF1	47	100	47.0
17	29556322	29556422	NF1	45	100	45.0
17	29556422	29556502	NF1	27	80	33.75
17	29556802	29556902	NF1	32	100	32.0
17	29556902	29557002	NF1	39	100	39.0
17	29557002	29557042	NF1	10	40	25.0
17	29557218	29557318	NF1	32	100	32.0
17	29557318	29557418	NF1	37	100	37.0
17	29557418	29557458	NF1	12	40	30.0
17	29557811	29557911	NF1	38	100	38.0
17	29557911	29557991	NF1	28	80	35.0
17	29559028	29559128	NF1	31	100	31.0
17	29559128	29559228	NF1	41	100	41.0
17	29559228	29559268	NF1	16	40	40.0
17	29559688	29559788	NF1	35	100	35.0
17	29559788	29559888	NF1	52	100	52.0
17	29559888	29559928	NF1	14	40	35.0
17	29560005	29560105	NF1	40	100	40.0
17	29560105	29560205	NF1	48	100	48.0
17	29560205	29560245	NF1	18	40	45.0
17	29562589	29562689	NF1	42	100	42.0
17	29562689	29562789	NF1	41	100	41.0
17	29562789	29562829	NF1	16	40	40.0
17	29562867	29562967	NF1	34	100	34.0
17	29562967	29563067	NF1	41	100	41.0
17	29563067	29563107	NF1	7	40	17.5
17	29575949	29576049	NF1	33	100	33.0
17	29576049	29576149	NF1	46	100	46.0
17	29576149	29576189	NF1	8	40	20.0
17	29579896	29579996	NF1	42	100	42.0
17	29579996	29580076	NF1	20	80	25.0
17	29584630	29584730	NF1	38	100	38.0
17	29584730	29584810	NF1	27	80	33.75
17	29585320	29585420	NF1	44	100	44.0
17	29585420	29585520	NF1	41	100	41.0
17	29585520	29585560	NF1	11	40	27.5
17	29586008	29586108	NF1	31	100	31.0
17	29586108	29586188	NF1	31	80	38.75
17	29587339	29587439	NF1	34	100	34.0
17	29587439	29587539	NF1	43	100	43.0
17	29587539	29587579	NF1	17	40	42.5
17	29588681	29588781	NF1	35	100	35.0
17	29588781	29588881	NF1	46	100	46.0
17	29588881	29588921	NF1	13	40	32.5
17	29592181	29592281	NF1	31	100	31.0
17	29592281	29592381	NF1	37	100	37.0
17	29592381	29592421	NF1	8	40	20.0
17	29626485	29626585	NF1	34	100	34.0
17	29626585	29626665	NF1	27	80	33.75
17	29652813	29652913	NF1	33	100	33.0
17	29652913	29653013	NF1	42	100	42.0
17	29653013	29653113	NF1	50	100	50.0
17	29653113	29653213	NF1	48	100	48.0
17	29653213	29653293	NF1	30	80	37.5
17	29654476	29654576	NF1	48	100	48.0
17	29654576	29654676	NF1	42	100	42.0
17	29654676	29654776	NF1	54	100	54.0
17	29654776	29654876	NF1	41	100	41.0
17	29654876	29654896	NF1	8	20	40.0
17	29657294	29657394	NF1	40	100	40.0
17	29657394	29657494	NF1	42	100	42.0
17	29657494	29657534	NF1	9	40	22.5
17	29661624	29661724	NF1	31	100	31.0
17	29661724	29661804	NF1	26	80	32.5
17	29661832	29661932	NF1	34	100	34.0
17	29661932	29662032	NF1	35	100	35.0
17	29662032	29662072	NF1	18	40	45.0
17	29663300	29663400	NF1	32	100	32.0
17	29663400	29663500	NF1	43	100	43.0
17	29663500	29663540	NF1	12	40	30.0
17	29663642	29663742	NF1	35	100	35.0
17	29663742	29663842	NF1	45	100	45.0
17	29663842	29663942	NF1	43	100	43.0
17	29664372	29664472	NF1	38	100	38.0
17	29664472	29664572	NF1	50	100	50.0
17	29664572	29664612	NF1	18	40	45.0
17	29664776	29664876	NF1	36	100	36.0
17	29664876	29664956	NF1	23	80	28.75
17	29664968	29665068	NF1	25	100	25.0
17	29665068	29665168	NF1	44	100	44.0
17	29665168	29665208	NF1	16	40	40.0
17	29665652	29665752	NF1	30	100	30.0
17	29665752	29665852	NF1	33	100	33.0
17	29665852	29665892	NF1	13	40	32.5
17	29667472	29667572	NF1	48	100	48.0
17	29667572	29667672	NF1	40	100	40.0
17	29667672	29667712	NF1	15	40	37.5
17	29669969	29670069	NF1	39	100	39.0
17	29670069	29670169	NF1	35	100	35.0
17	29670169	29670209	NF1	9	40	22.5
17	29676083	29676183	NF1	33	100	33.0
17	29676183	29676283	NF1	35	100	35.0
17	29676283	29676323	NF1	9	40	22.5
17	29677148	29677248	NF1	39	100	39.0
17	29677248	29677348	NF1	35	100	35.0
17	29677348	29677388	NF1	9	40	22.5
17	29679233	29679333	NF1	40	100	40.0
17	29679333	29679433	NF1	57	100	57.0
17	29679433	29679473	NF1	4	40	10.0
17	29683418	29683518	NF1	30	100	30.0
17	29683518	29683618	NF1	42	100	42.0
17	29683618	29683658	NF1	14	40	35.0
17	29683922	29684022	NF1	42	100	42.0
17	29684022	29684122	NF1	42	100	42.0
17	29684122	29684162	NF1	16	40	40.0
17	29684216	29684316	NF1	37	100	37.0
17	29684316	29684416	NF1	35	100	35.0
17	29684416	29684456	NF1	16	40	40.0
17	29685448	29685548	NF1	32	100	32.0
17	29685548	29685648	NF1	38	100	38.0
17	29685648	29685688	NF1	16	40	40.0
17	29685919	29686019	NF1	31	100	31.0
17	29686019	29686099	NF1	25	80	31.25
17	29687466	29687566	NF1	32	100	32.0
17	29687566	29687666	NF1	52	100	52.0
17	29687666	29687766	NF1	38	100	38.0
17	29694179	29694279	NF1	34	100	34.0
17	29694279	29694359	NF1	36	80	45.0
17	29700981	29701081	NF1	47	100	47.0
17	29701081	29701181	NF1	50	100	50.0
17	29701181	29701221	NF1	13	40	32.5
17	29705837	29705937	NF1	49	100	49.0
17	29705937	29706017	NF1	34	80	42.5
17	33427923	33428023	RAD51L3-RFFL;RAD51D	56	100	56.0
17	33428023	33428103	RAD51L3-RFFL;RAD51D	39	80	48.75
17	33428181	33428281	RAD51L3-RFFL;RAD51D	64	100	64.0
17	33428281	33428381	RAD51L3-RFFL;RAD51D	60	100	60.0
17	33428381	33428421	RAD51L3-RFFL;RAD51D	18	40	45.0
17	33430217	33430317	RAD51L3-RFFL;RAD51D	54	100	54.0
17	33430317	33430397	RAD51L3-RFFL;RAD51D	52	80	65.0
17	33430427	33430527	RAD51L3-RFFL;RAD51D	62	100	62.0
17	33430527	33430607	RAD51L3-RFFL;RAD51D	41	80	51.25
17	33433146	33433246	RAD51L3-RFFL;RAD51D	43	100	43.0
17	33433246	33433326	RAD51L3-RFFL;RAD51D	38	80	47.5
17	33433362	33433462	RAD51L3-RFFL;RAD51D	57	100	57.0
17	33433462	33433542	RAD51L3-RFFL;RAD51D	41	80	51.25
17	33433953	33434053	RAD51L3-RFFL;RAD51D	53	100	53.0
17	33434053	33434153	RAD51L3-RFFL;RAD51D	55	100	55.0
17	33434153	33434193	RAD51L3-RFFL;RAD51D	20	40	50.0
17	33434335	33434435	RAD51L3-RFFL;RAD51D	53	100	53.0
17	33434435	33434515	RAD51L3-RFFL;RAD51D	33	80	41.25
17	33443846	33443946	RAD51L3-RFFL;RAD51D	47	100	47.0
17	33443946	33444046	RAD51L3-RFFL;RAD51D	62	100	62.0
17	33444046	33444086	RAD51L3-RFFL;RAD51D	18	40	45.0
17	33445458	33445558	RAD51L3-RFFL;RAD51D	58	100	58.0
17	33445558	33445658	RAD51L3-RFFL;RAD51D	63	100	63.0
17	33445658	33445698	RAD51L3-RFFL;RAD51D	23	40	57.5
17	33446070	33446170	RAD51L3-RFFL;RAD51D	45	100	45.0
17	33446170	33446250	RAD51L3-RFFL;RAD51D	43	80	53.75
17	33446501	33446601	RAD51L3-RFFL;RAD51D	65	100	65.0
17	33446601	33446701	RAD51L3-RFFL;RAD51D	71	100	71.0
17	33446701	33446801	RAD51L3-RFFL;RAD51D	68	100	68.0
17	33446801	33446852	RAD51L3-RFFL;RAD51D	41	51	80.3921568627
17	36096424	36096524	HNF1B	52	100	52.0
17	36096524	36096604	HNF1B	43	80	53.75
17	37855736	37855836	ERBB2	46	100	46.0
17	37855836	37855916	ERBB2	30	80	37.5
17	37856437	37856537	ERBB2	75	100	75.0
17	37856537	37856617	ERBB2	60	80	75.0
17	37863222	37863322	ERBB2	64	100	64.0
17	37863322	37863422	ERBB2	66	100	66.0
17	37863422	37863462	ERBB2	26	40	65.0
17	37864560	37864660	ERBB2	62	100	62.0
17	37864660	37864760	ERBB2	61	100	61.0
17	37864760	37864800	ERBB2	26	40	65.0
17	37865517	37865617	ERBB2	56	100	56.0
17	37865617	37865717	ERBB2	53	100	53.0
17	37865717	37865757	ERBB2	26	40	65.0
17	37866009	37866109	ERBB2	60	100	60.0
17	37866109	37866189	ERBB2	51	80	63.75
17	37866276	37866376	ERBB2	67	100	67.0
17	37866376	37866476	ERBB2	64	100	64.0
17	37866476	37866516	ERBB2	26	40	65.0
17	37866543	37866643	ERBB2	62	100	62.0
17	37866643	37866743	ERBB2	59	100	59.0
17	37866743	37866783	ERBB2	18	40	45.0
17	37868120	37868220	ERBB2	55	100	55.0
17	37868220	37868320	ERBB2	63	100	63.0
17	37868320	37868360	ERBB2	26	40	65.0
17	37868517	37868617	ERBB2	65	100	65.0
17	37868617	37868717	ERBB2	52	100	52.0
17	37868717	37868757	ERBB2	22	40	55.0
17	37869260	37869360	ERBB2	40	100	40.0
17	37869360	37869440	ERBB2	30	80	37.5
17	37871485	37871585	ERBB2	65	100	65.0
17	37871585	37871685	ERBB2	54	100	54.0
17	37871685	37871785	ERBB2	57	100	57.0
17	37871785	37871833	ERBB2	29	48	60.4166666667
17	37871972	37872072	ERBB2	65	100	65.0
17	37872072	37872172	ERBB2	61	100	61.0
17	37872172	37872212	ERBB2	26	40	65.0
17	37872499	37872599	ERBB2	70	100	70.0
17	37872599	37872699	ERBB2	66	100	66.0
17	37872699	37872799	ERBB2	63	100	63.0
17	37872799	37872899	ERBB2	65	100	65.0
17	37872899	37872902	ERBB2	2	3	66.6666666667
17	37873534	37873634	ERBB2	64	100	64.0
17	37873634	37873734	ERBB2	60	100	60.0
17	37873734	37873774	ERBB2	19	40	47.5
17	37875973	37876073	ERBB2	57	100	57.0
17	37876073	37876153	ERBB2	49	80	61.25
17	37879520	37879620	ERBB2	63	100	63.0
17	37879620	37879720	ERBB2	60	100	60.0
17	37879720	37879820	ERBB2	73	100	73.0
17	37879820	37879920	ERBB2	57	100	57.0
17	37879920	37879971	ERBB2	40	51	78.431372549
17	37880123	37880223	ERBB2	52	100	52.0
17	37880223	37880303	ERBB2	42	80	52.5
17	37880951	37881051	ERBB2	61	100	61.0
17	37881051	37881151	ERBB2	59	100	59.0
17	37881151	37881191	ERBB2	22	40	55.0
17	37881259	37881359	ERBB2	62	100	62.0
17	37881359	37881459	ERBB2	54	100	54.0
17	37881459	37881499	ERBB2	24	40	60.0
17	37881527	37881627	ERBB2	63	100	63.0
17	37881627	37881707	ERBB2	49	80	61.25
17	37881912	37882012	ERBB2	56	100	56.0
17	37882012	37882112	ERBB2	60	100	60.0
17	37882112	37882152	ERBB2	28	40	70.0
17	37882773	37882873	ERBB2;MIR4728	57	100	57.0
17	37882873	37882953	ERBB2;MIR4728	52	80	65.0
17	37883041	37883141	ERBB2	60	100	60.0
17	37883141	37883241	ERBB2	67	100	67.0
17	37883241	37883281	ERBB2	23	40	57.5
17	37883523	37883623	ERBB2	63	100	63.0
17	37883623	37883723	ERBB2	61	100	61.0
17	37883723	37883823	ERBB2	62	100	62.0
17	37883909	37884009	ERBB2	61	100	61.0
17	37884009	37884109	ERBB2	59	100	59.0
17	37884109	37884209	ERBB2	64	100	64.0
17	37884209	37884309	ERBB2	62	100	62.0
17	37884309	37884329	ERBB2	12	20	60.0
17	41196296	41196396	BRCA1	36	100	36.0
17	41196396	41196496	BRCA1	46	100	46.0
17	41196496	41196596	BRCA1	41	100	41.0
17	41196596	41196696	BRCA1	25	100	25.0
17	41196696	41196796	BRCA1	33	100	33.0
17	41196796	41196896	BRCA1	41	100	41.0
17	41197070	41197170	BRCA1	49	100	49.0
17	41197170	41197270	BRCA1	45	100	45.0
17	41197270	41197370	BRCA1	47	100	47.0
17	41197370	41197470	BRCA1	35	100	35.0
17	41197470	41197570	BRCA1	42	100	42.0
17	41197570	41197670	BRCA1	50	100	50.0
17	41197670	41197770	BRCA1	59	100	59.0
17	41197770	41197870	BRCA1	51	100	51.0
17	41197870	41197970	BRCA1	36	100	36.0
17	41198378	41198478	BRCA1	47	100	47.0
17	41198478	41198498	BRCA1	10	20	50.0
17	41198718	41198818	BRCA1	48	100	48.0
17	41198818	41198918	BRCA1	48	100	48.0
17	41198918	41199018	BRCA1	27	100	27.0
17	41199018	41199118	BRCA1	34	100	34.0
17	41199118	41199158	BRCA1	18	40	45.0
17	41199168	41199268	BRCA1	55	100	55.0
17	41199268	41199368	BRCA1	47	100	47.0
17	41199368	41199468	BRCA1	46	100	46.0
17	41199468	41199568	BRCA1	22	100	22.0
17	41199568	41199668	BRCA1	48	100	48.0
17	41199668	41199768	BRCA1	51	100	51.0
17	41199768	41199795	BRCA1	9	27	33.3333333333
17	41199990	41200090	BRCA1	50	100	50.0
17	41200090	41200190	BRCA1	54	100	54.0
17	41200190	41200230	BRCA1	23	40	57.5
17	41200587	41200687	BRCA1	54	100	54.0
17	41200687	41200707	BRCA1	9	20	45.0
17	41200792	41200892	BRCA1	50	100	50.0
17	41200892	41200992	BRCA1	43	100	43.0
17	41200992	41201092	BRCA1	53	100	53.0
17	41201092	41201192	BRCA1	50	100	50.0
17	41201192	41201292	BRCA1	43	100	43.0
17	41201292	41201392	BRCA1	42	100	42.0
17	41201392	41201492	BRCA1	34	100	34.0
17	41201492	41201592	BRCA1	41	100	41.0
17	41201592	41201692	BRCA1	35	100	35.0
17	41201692	41201792	BRCA1	45	100	45.0
17	41201792	41201892	BRCA1	47	100	47.0
17	41201892	41201992	BRCA1	45	100	45.0
17	41201992	41202092	BRCA1	32	100	32.0
17	41202092	41202192	BRCA1	52	100	52.0
17	41202192	41202292	BRCA1	44	100	44.0
17	41202292	41202352	BRCA1	22	60	36.6666666667
17	41202606	41202706	BRCA1	49	100	49.0
17	41202706	41202806	BRCA1	35	100	35.0
17	41202806	41202906	BRCA1	39	100	39.0
17	41202906	41203006	BRCA1	44	100	44.0
17	41203006	41203106	BRCA1	50	100	50.0
17	41203106	41203206	BRCA1	43	100	43.0
17	41203206	41203306	BRCA1	39	100	39.0
17	41203306	41203406	BRCA1	42	100	42.0
17	41203406	41203506	BRCA1	44	100	44.0
17	41203506	41203606	BRCA1	40	100	40.0
17	41203606	41203686	BRCA1	32	80	40.0
17	41203949	41204049	BRCA1	44	100	44.0
17	41204049	41204149	BRCA1	48	100	48.0
17	41204149	41204249	BRCA1	38	100	38.0
17	41204249	41204349	BRCA1	35	100	35.0
17	41204349	41204369	BRCA1	10	20	50.0
17	41204451	41204551	BRCA1	41	100	41.0
17	41204551	41204651	BRCA1	35	100	35.0
17	41204651	41204751	BRCA1	38	100	38.0
17	41204751	41204851	BRCA1	48	100	48.0
17	41204851	41204895	BRCA1	21	44	47.7272727273
17	41205107	41205207	BRCA1	51	100	51.0
17	41205207	41205307	BRCA1	50	100	50.0
17	41205307	41205407	BRCA1	38	100	38.0
17	41205930	41206030	BRCA1	37	100	37.0
17	41206030	41206130	BRCA1	34	100	34.0
17	41206130	41206230	BRCA1	40	100	40.0
17	41206230	41206330	BRCA1	48	100	48.0
17	41206330	41206430	BRCA1	41	100	41.0
17	41206430	41206530	BRCA1	47	100	47.0
17	41206530	41206630	BRCA1	48	100	48.0
17	41206630	41206650	BRCA1	7	20	35.0
17	41207043	41207143	BRCA1	52	100	52.0
17	41207143	41207243	BRCA1	49	100	49.0
17	41207243	41207343	BRCA1	40	100	40.0
17	41207560	41207660	BRCA1	44	100	44.0
17	41207660	41207680	BRCA1	14	20	70.0
17	41207732	41207832	BRCA1	49	100	49.0
17	41207832	41207932	BRCA1	53	100	53.0
17	41207932	41208032	BRCA1	38	100	38.0
17	41208032	41208132	BRCA1	36	100	36.0
17	41208132	41208232	BRCA1	33	100	33.0
17	41208232	41208332	BRCA1	53	100	53.0
17	41208332	41208392	BRCA1	23	60	38.3333333333
17	41208424	41208524	BRCA1	50	100	50.0
17	41208524	41208624	BRCA1	62	100	62.0
17	41208624	41208724	BRCA1	50	100	50.0
17	41208724	41208824	BRCA1	42	100	42.0
17	41208824	41208924	BRCA1	37	100	37.0
17	41208924	41209024	BRCA1	40	100	40.0
17	41209024	41209124	BRCA1	49	100	49.0
17	41209124	41209224	BRCA1	43	100	43.0
17	41209224	41209264	BRCA1	22	40	55.0
17	41210016	41210116	BRCA1	37	100	37.0
17	41210116	41210216	BRCA1	58	100	58.0
17	41210216	41210316	BRCA1	45	100	45.0
17	41210316	41210416	BRCA1	49	100	49.0
17	41210416	41210516	BRCA1	33	100	33.0
17	41210516	41210616	BRCA1	35	100	35.0
17	41210616	41210716	BRCA1	33	100	33.0
17	41210716	41210816	BRCA1	28	100	28.0
17	41210816	41210916	BRCA1	34	100	34.0
17	41210916	41211016	BRCA1	39	100	39.0
17	41211016	41211116	BRCA1	40	100	40.0
17	41211116	41211216	BRCA1	45	100	45.0
17	41211402	41211502	BRCA1	56	100	56.0
17	41211502	41211602	BRCA1	44	100	44.0
17	41211602	41211702	BRCA1	35	100	35.0
17	41211702	41211802	BRCA1	38	100	38.0
17	41211802	41211902	BRCA1	42	100	42.0
17	41211902	41211942	BRCA1	9	40	22.5
17	41212168	41212268	BRCA1	54	100	54.0
17	41212268	41212288	BRCA1	8	20	40.0
17	41212451	41212551	BRCA1	49	100	49.0
17	41212551	41212571	BRCA1	12	20	60.0
17	41212789	41212889	BRCA1	50	100	50.0
17	41212889	41212909	BRCA1	12	20	60.0
17	41213126	41213226	BRCA1	35	100	35.0
17	41213226	41213326	BRCA1	36	100	36.0
17	41213326	41213426	BRCA1	33	100	33.0
17	41213426	41213526	BRCA1	42	100	42.0
17	41213526	41213606	BRCA1	15	80	18.75
17	41213876	41213976	BRCA1	41	100	41.0
17	41213976	41214076	BRCA1	33	100	33.0
17	41214076	41214176	BRCA1	35	100	35.0
17	41214176	41214276	BRCA1	52	100	52.0
17	41214276	41214376	BRCA1	44	100	44.0
17	41214376	41214476	BRCA1	37	100	37.0
17	41214476	41214576	BRCA1	35	100	35.0
17	41214576	41214601	BRCA1	9	25	36.0
17	41215149	41215249	BRCA1	47	100	47.0
17	41215249	41215349	BRCA1	32	100	32.0
17	41215349	41215449	BRCA1	40	100	40.0
17	41215449	41215549	BRCA1	48	100	48.0
17	41215549	41215649	BRCA1	37	100	37.0
17	41215649	41215749	BRCA1	36	100	36.0
17	41215749	41215849	BRCA1	33	100	33.0
17	41215849	41215949	BRCA1	39	100	39.0
17	41215949	41216049	BRCA1	39	100	39.0
17	41216049	41216149	BRCA1	39	100	39.0
17	41216149	41216249	BRCA1	46	100	46.0
17	41216249	41216349	BRCA1	33	100	33.0
17	41216349	41216449	BRCA1	36	100	36.0
17	41216449	41216549	BRCA1	38	100	38.0
17	41216549	41216649	BRCA1	35	100	35.0
17	41216649	41216749	BRCA1	42	100	42.0
17	41216749	41216849	BRCA1	26	100	26.0
17	41216849	41216889	BRCA1	13	40	32.5
17	41217058	41217158	BRCA1	59	100	59.0
17	41217158	41217258	BRCA1	31	100	31.0
17	41217258	41217358	BRCA1	42	100	42.0
17	41217358	41217418	BRCA1	28	60	46.6666666667
17	41217626	41217726	BRCA1	41	100	41.0
17	41217726	41217826	BRCA1	44	100	44.0
17	41217826	41217926	BRCA1	41	100	41.0
17	41217926	41218026	BRCA1	33	100	33.0
17	41218026	41218126	BRCA1	47	100	47.0
17	41218126	41218226	BRCA1	38	100	38.0
17	41218226	41218326	BRCA1	32	100	32.0
17	41218326	41218406	BRCA1	32	80	40.0
17	41218639	41218739	BRCA1	59	100	59.0
17	41218739	41218839	BRCA1	44	100	44.0
17	41218839	41218879	BRCA1	15	40	37.5
17	41219141	41219241	BRCA1	32	100	32.0
17	41219241	41219261	BRCA1	5	20	25.0
17	41219509	41219609	BRCA1	56	100	56.0
17	41219609	41219709	BRCA1	36	100	36.0
17	41219709	41219809	BRCA1	35	100	35.0
17	41219809	41219909	BRCA1	38	100	38.0
17	41219909	41220009	BRCA1	26	100	26.0
17	41220009	41220031	BRCA1	17	22	77.2727272727
17	41220241	41220341	BRCA1	42	100	42.0
17	41220341	41220421	BRCA1	22	80	27.5
17	41220471	41220571	BRCA1	50	100	50.0
17	41220571	41220671	BRCA1	24	100	24.0
17	41220671	41220771	BRCA1	35	100	35.0
17	41220771	41220871	BRCA1	41	100	41.0
17	41220871	41220971	BRCA1	33	100	33.0
17	41220971	41221071	BRCA1	43	100	43.0
17	41221071	41221171	BRCA1	47	100	47.0
17	41221171	41221271	BRCA1	46	100	46.0
17	41221271	41221371	BRCA1	34	100	34.0
17	41221371	41221471	BRCA1	42	100	42.0
17	41221471	41221571	BRCA1	32	100	32.0
17	41221571	41221671	BRCA1	44	100	44.0
17	41221671	41221771	BRCA1	45	100	45.0
17	41221771	41221871	BRCA1	34	100	34.0
17	41221871	41221971	BRCA1	31	100	31.0
17	41222257	41222357	BRCA1	36	100	36.0
17	41222357	41222457	BRCA1	37	100	37.0
17	41222457	41222557	BRCA1	45	100	45.0
17	41222557	41222657	BRCA1	37	100	37.0
17	41222657	41222757	BRCA1	24	100	24.0
17	41222757	41222857	BRCA1	28	100	28.0
17	41222857	41222957	BRCA1	33	100	33.0
17	41222957	41223057	BRCA1	46	100	46.0
17	41223057	41223157	BRCA1	46	100	46.0
17	41223157	41223257	BRCA1	53	100	53.0
17	41223257	41223357	BRCA1	31	100	31.0
17	41223357	41223457	BRCA1	35	100	35.0
17	41223457	41223557	BRCA1	27	100	27.0
17	41223557	41223657	BRCA1	30	100	30.0
17	41223657	41223757	BRCA1	29	100	29.0
17	41224361	41224461	BRCA1	46	100	46.0
17	41224461	41224541	BRCA1	45	80	56.25
17	41224835	41224935	BRCA1	47	100	47.0
17	41224935	41225035	BRCA1	52	100	52.0
17	41225035	41225135	BRCA1	46	100	46.0
17	41225135	41225235	BRCA1	47	100	47.0
17	41225235	41225335	BRCA1	29	100	29.0
17	41225335	41225435	BRCA1	31	100	31.0
17	41225435	41225535	BRCA1	35	100	35.0
17	41225535	41225635	BRCA1	26	100	26.0
17	41225635	41225735	BRCA1	30	100	30.0
17	41225735	41225788	BRCA1	8	53	15.0943396226
17	41225980	41226080	BRCA1	57	100	57.0
17	41226080	41226180	BRCA1	27	100	27.0
17	41226180	41226280	BRCA1	32	100	32.0
17	41226280	41226380	BRCA1	34	100	34.0
17	41226380	41226480	BRCA1	48	100	48.0
17	41226480	41226580	BRCA1	43	100	43.0
17	41226580	41226680	BRCA1	44	100	44.0
17	41226680	41226780	BRCA1	46	100	46.0
17	41226780	41226820	BRCA1	25	40	62.5
17	41226942	41227042	BRCA1	35	100	35.0
17	41227042	41227142	BRCA1	46	100	46.0
17	41227142	41227242	BRCA1	30	100	30.0
17	41227242	41227342	BRCA1	37	100	37.0
17	41227342	41227442	BRCA1	34	100	34.0
17	41227442	41227542	BRCA1	38	100	38.0
17	41227749	41227849	BRCA1	38	100	38.0
17	41227849	41227949	BRCA1	50	100	50.0
17	41227949	41228049	BRCA1	52	100	52.0
17	41228049	41228149	BRCA1	37	100	37.0
17	41228149	41228249	BRCA1	38	100	38.0
17	41228249	41228349	BRCA1	33	100	33.0
17	41228349	41228449	BRCA1	30	100	30.0
17	41228449	41228549	BRCA1	33	100	33.0
17	41228549	41228649	BRCA1	39	100	39.0
17	41228649	41228749	BRCA1	27	100	27.0
17	41228749	41228849	BRCA1	28	100	28.0
17	41228849	41228949	BRCA1	32	100	32.0
17	41228949	41229049	BRCA1	36	100	36.0
17	41229049	41229149	BRCA1	43	100	43.0
17	41229149	41229249	BRCA1	34	100	34.0
17	41229249	41229349	BRCA1	33	100	33.0
17	41229349	41229369	BRCA1	3	20	15.0
17	41229442	41229542	BRCA1	49	100	49.0
17	41229542	41229562	BRCA1	8	20	40.0
17	41229625	41229725	BRCA1	43	100	43.0
17	41229725	41229745	BRCA1	5	20	25.0
17	41230402	41230502	BRCA1	51	100	51.0
17	41230502	41230602	BRCA1	23	100	23.0
17	41230602	41230702	BRCA1	29	100	29.0
17	41230702	41230802	BRCA1	34	100	34.0
17	41230802	41230902	BRCA1	42	100	42.0
17	41230902	41230942	BRCA1	16	40	40.0
17	41231144	41231244	BRCA1;RPL21P4	39	100	39.0
17	41231244	41231344	BRCA1;RPL21P4	40	100	40.0
17	41231344	41231444	BRCA1;RPL21P4	39	100	39.0
17	41231444	41231544	BRCA1;RPL21P4	49	100	49.0
17	41231544	41231644	BRCA1;RPL21P4	41	100	41.0
17	41231644	41231744	BRCA1;RPL21P4	46	100	46.0
17	41231744	41231844	BRCA1;RPL21P4	35	100	35.0
17	41231844	41231944	BRCA1;RPL21P4	33	100	33.0
17	41231944	41232044	BRCA1;RPL21P4	37	100	37.0
17	41232044	41232144	BRCA1;RPL21P4	37	100	37.0
17	41232144	41232244	BRCA1;RPL21P4	40	100	40.0
17	41232244	41232344	BRCA1;RPL21P4	41	100	41.0
17	41232499	41232599	BRCA1	53	100	53.0
17	41232599	41232689	BRCA1	36	90	40.0
17	41232699	41232799	BRCA1	58	100	58.0
17	41232799	41232899	BRCA1	54	100	54.0
17	41232899	41232999	BRCA1	26	100	26.0
17	41232999	41233099	BRCA1	28	100	28.0
17	41233099	41233199	BRCA1	28	100	28.0
17	41233199	41233299	BRCA1	36	100	36.0
17	41233299	41233399	BRCA1	36	100	36.0
17	41233399	41233499	BRCA1	46	100	46.0
17	41233499	41233599	BRCA1	47	100	47.0
17	41233599	41233699	BRCA1	44	100	44.0
17	41233699	41233799	BRCA1	38	100	38.0
17	41233799	41233899	BRCA1	39	100	39.0
17	41233899	41233999	BRCA1	40	100	40.0
17	41233999	41234099	BRCA1	33	100	33.0
17	41234099	41234199	BRCA1	47	100	47.0
17	41234199	41234299	BRCA1	45	100	45.0
17	41234299	41234399	BRCA1	40	100	40.0
17	41234399	41234499	BRCA1	45	100	45.0
17	41234499	41234599	BRCA1	47	100	47.0
17	41234599	41234699	BRCA1	28	100	28.0
17	41234699	41234799	BRCA1	34	100	34.0
17	41234799	41234899	BRCA1	31	100	31.0
17	41234899	41234999	BRCA1	29	100	29.0
17	41234999	41235099	BRCA1	24	100	24.0
17	41235099	41235199	BRCA1	35	100	35.0
17	41235199	41235219	BRCA1	7	20	35.0
17	41235456	41235556	BRCA1	34	100	34.0
17	41235556	41235656	BRCA1	48	100	48.0
17	41235656	41235756	BRCA1	39	100	39.0
17	41235756	41235856	BRCA1	36	100	36.0
17	41235856	41235876	BRCA1	4	20	20.0
17	41236443	41236543	BRCA1	40	100	40.0
17	41236543	41236643	BRCA1	41	100	41.0
17	41236643	41236743	BRCA1	39	100	39.0
17	41236743	41236843	BRCA1	52	100	52.0
17	41236843	41236943	BRCA1	40	100	40.0
17	41236943	41237043	BRCA1	32	100	32.0
17	41237043	41237143	BRCA1	36	100	36.0
17	41237143	41237243	BRCA1	36	100	36.0
17	41237243	41237283	BRCA1	23	40	57.5
17	41237344	41237444	BRCA1	36	100	36.0
17	41237444	41237544	BRCA1	36	100	36.0
17	41237544	41237644	BRCA1	41	100	41.0
17	41237644	41237744	BRCA1	45	100	45.0
17	41237744	41237844	BRCA1	46	100	46.0
17	41237844	41237944	BRCA1	23	100	23.0
17	41237944	41238044	BRCA1	33	100	33.0
17	41238044	41238144	BRCA1	28	100	28.0
17	41238144	41238244	BRCA1	42	100	42.0
17	41238244	41238344	BRCA1	42	100	42.0
17	41238344	41238444	BRCA1	24	100	24.0
17	41238444	41238544	BRCA1	37	100	37.0
17	41238544	41238644	BRCA1	34	100	34.0
17	41238644	41238744	BRCA1	30	100	30.0
17	41238744	41238844	BRCA1	38	100	38.0
17	41238844	41238944	BRCA1	44	100	44.0
17	41238944	41239044	BRCA1	42	100	42.0
17	41239044	41239144	BRCA1	40	100	40.0
17	41239144	41239244	BRCA1	32	100	32.0
17	41239244	41239344	BRCA1	38	100	38.0
17	41239344	41239421	BRCA1	32	77	41.5584415584
17	41239668	41239768	BRCA1	24	100	24.0
17	41239768	41239868	BRCA1	57	100	57.0
17	41239868	41239968	BRCA1	47	100	47.0
17	41239968	41240068	BRCA1	57	100	57.0
17	41240068	41240168	BRCA1	33	100	33.0
17	41240168	41240268	BRCA1	29	100	29.0
17	41240268	41240368	BRCA1	45	100	45.0
17	41240368	41240468	BRCA1	33	100	33.0
17	41240468	41240568	BRCA1	38	100	38.0
17	41240568	41240668	BRCA1	27	100	27.0
17	41240668	41240768	BRCA1	40	100	40.0
17	41240768	41240868	BRCA1	42	100	42.0
17	41240868	41240968	BRCA1	35	100	35.0
17	41240968	41241048	BRCA1	26	80	32.5
17	41241154	41241254	BRCA1	43	100	43.0
17	41241254	41241274	BRCA1	11	20	55.0
17	41241349	41241449	BRCA1	32	100	32.0
17	41241449	41241529	BRCA1	21	80	26.25
17	41241667	41241767	BRCA1	36	100	36.0
17	41241767	41241787	BRCA1	9	20	45.0
17	41241806	41241906	BRCA1	48	100	48.0
17	41241906	41242006	BRCA1	54	100	54.0
17	41242006	41242106	BRCA1	29	100	29.0
17	41242106	41242206	BRCA1	40	100	40.0
17	41242206	41242306	BRCA1	48	100	48.0
17	41242306	41242406	BRCA1	39	100	39.0
17	41242631	41242731	BRCA1	41	100	41.0
17	41242731	41242831	BRCA1	45	100	45.0
17	41242831	41242931	BRCA1	39	100	39.0
17	41242931	41243031	BRCA1	48	100	48.0
17	41243031	41243131	BRCA1	40	100	40.0
17	41243131	41243231	BRCA1	36	100	36.0
17	41243231	41243331	BRCA1	38	100	38.0
17	41243331	41243431	BRCA1	34	100	34.0
17	41243431	41243531	BRCA1	38	100	38.0
17	41243531	41243631	BRCA1	45	100	45.0
17	41243631	41243731	BRCA1	41	100	41.0
17	41243731	41243831	BRCA1	40	100	40.0
17	41243831	41243931	BRCA1	38	100	38.0
17	41243931	41244031	BRCA1	50	100	50.0
17	41244031	41244131	BRCA1	37	100	37.0
17	41244131	41244231	BRCA1	33	100	33.0
17	41244231	41244331	BRCA1	40	100	40.0
17	41244331	41244431	BRCA1	37	100	37.0
17	41244431	41244531	BRCA1	34	100	34.0
17	41244531	41244631	BRCA1	33	100	33.0
17	41244631	41244731	BRCA1	39	100	39.0
17	41244731	41244831	BRCA1	40	100	40.0
17	41244831	41244931	BRCA1	40	100	40.0
17	41244931	41245031	BRCA1	41	100	41.0
17	41245031	41245131	BRCA1	38	100	38.0
17	41245131	41245231	BRCA1	43	100	43.0
17	41245231	41245331	BRCA1	38	100	38.0
17	41245331	41245431	BRCA1	33	100	33.0
17	41245431	41245531	BRCA1	43	100	43.0
17	41245531	41245631	BRCA1	38	100	38.0
17	41245631	41245731	BRCA1	40	100	40.0
17	41245731	41245831	BRCA1	35	100	35.0
17	41245831	41245931	BRCA1	33	100	33.0
17	41245931	41246031	BRCA1	41	100	41.0
17	41246031	41246131	BRCA1	34	100	34.0
17	41246131	41246231	BRCA1	36	100	36.0
17	41246231	41246331	BRCA1	41	100	41.0
17	41246331	41246431	BRCA1	38	100	38.0
17	41246431	41246531	BRCA1	44	100	44.0
17	41246531	41246631	BRCA1	44	100	44.0
17	41246631	41246731	BRCA1	39	100	39.0
17	41246731	41246831	BRCA1	44	100	44.0
17	41246831	41246931	BRCA1	29	100	29.0
17	41246931	41247031	BRCA1	36	100	36.0
17	41247031	41247131	BRCA1	29	100	29.0
17	41247131	41247231	BRCA1	36	100	36.0
17	41247231	41247331	BRCA1	39	100	39.0
17	41247331	41247412	BRCA1	45	81	55.5555555556
17	41247604	41247704	BRCA1	29	100	29.0
17	41247704	41247804	BRCA1	39	100	39.0
17	41247804	41247904	BRCA1	41	100	41.0
17	41247904	41248004	BRCA1	38	100	38.0
17	41248004	41248084	BRCA1	29	80	36.25
17	41248372	41248472	BRCA1	38	100	38.0
17	41248472	41248572	BRCA1	55	100	55.0
17	41248572	41248672	BRCA1	37	100	37.0
17	41248672	41248772	BRCA1	33	100	33.0
17	41248772	41248872	BRCA1	38	100	38.0
17	41248872	41248972	BRCA1	33	100	33.0
17	41248972	41249072	BRCA1	44	100	44.0
17	41249072	41249172	BRCA1	34	100	34.0
17	41249172	41249272	BRCA1	29	100	29.0
17	41249272	41249372	BRCA1	27	100	27.0
17	41249372	41249472	BRCA1	34	100	34.0
17	41249472	41249572	BRCA1	53	100	53.0
17	41249572	41249672	BRCA1	41	100	41.0
17	41249672	41249772	BRCA1	32	100	32.0
17	41249772	41249872	BRCA1	33	100	33.0
17	41249872	41249972	BRCA1	40	100	40.0
17	41249972	41250035	BRCA1	16	63	25.3968253968
17	41250294	41250394	BRCA1	26	100	26.0
17	41250394	41250414	BRCA1	8	20	40.0
17	41250665	41250765	BRCA1	45	100	45.0
17	41250765	41250845	BRCA1	40	80	50.0
17	41251139	41251239	BRCA1	34	100	34.0
17	41251239	41251319	BRCA1	21	80	26.25
17	41251549	41251649	BRCA1	44	100	44.0
17	41251649	41251749	BRCA1	35	100	35.0
17	41251749	41251849	BRCA1	38	100	38.0
17	41251849	41251949	BRCA1	44	100	44.0
17	41251949	41252049	BRCA1	39	100	39.0
17	41252049	41252149	BRCA1	56	100	56.0
17	41252149	41252249	BRCA1	31	100	31.0
17	41252249	41252349	BRCA1	23	100	23.0
17	41252349	41252389	BRCA1	15	40	37.5
17	41252510	41252610	BRCA1	24	100	24.0
17	41252610	41252710	BRCA1	5	100	5.0
17	41252710	41252741	BRCA1	10	31	32.2580645161
17	41252998	41253098	BRCA1	47	100	47.0
17	41253098	41253198	BRCA1	29	100	29.0
17	41253198	41253238	BRCA1	9	40	22.5
17	41253496	41253596	BRCA1	52	100	52.0
17	41253596	41253616	BRCA1	13	20	65.0
17	41253728	41253828	BRCA1	55	100	55.0
17	41253828	41253928	BRCA1	27	100	27.0
17	41253928	41254028	BRCA1	47	100	47.0
17	41254028	41254088	BRCA1	36	60	60.0
17	41254230	41254330	BRCA1	49	100	49.0
17	41254330	41254350	BRCA1	11	20	55.0
17	41254626	41254726	BRCA1	54	100	54.0
17	41254726	41254746	BRCA1	9	20	45.0
17	41254793	41254893	BRCA1	41	100	41.0
17	41254893	41254993	BRCA1	48	100	48.0
17	41254993	41255093	BRCA1	55	100	55.0
17	41255093	41255193	BRCA1	38	100	38.0
17	41255193	41255213	BRCA1	11	20	55.0
17	41255469	41255569	BRCA1	40	100	40.0
17	41255569	41255669	BRCA1	46	100	46.0
17	41255669	41255769	BRCA1	33	100	33.0
17	41255769	41255869	BRCA1	41	100	41.0
17	41255869	41255889	BRCA1	12	20	60.0
17	41256049	41256149	BRCA1	33	100	33.0
17	41256149	41256249	BRCA1	39	100	39.0
17	41256249	41256349	BRCA1	27	100	27.0
17	41256349	41256449	BRCA1	27	100	27.0
17	41256449	41256549	BRCA1	31	100	31.0
17	41256549	41256649	BRCA1	32	100	32.0
17	41256649	41256749	BRCA1	32	100	32.0
17	41256749	41256849	BRCA1	35	100	35.0
17	41256849	41256949	BRCA1	37	100	37.0
17	41256949	41257049	BRCA1	33	100	33.0
17	41257049	41257149	BRCA1	31	100	31.0
17	41257149	41257249	BRCA1	32	100	32.0
17	41257249	41257349	BRCA1	43	100	43.0
17	41257349	41257449	BRCA1	42	100	42.0
17	41257449	41257549	BRCA1	51	100	51.0
17	41257549	41257649	BRCA1	41	100	41.0
17	41257649	41257749	BRCA1	35	100	35.0
17	41257749	41257849	BRCA1	30	100	30.0
17	41257849	41257909	BRCA1	22	60	36.6666666667
17	41258067	41258167	BRCA1	45	100	45.0
17	41258167	41258267	BRCA1	36	100	36.0
17	41258267	41258367	BRCA1	31	100	31.0
17	41258367	41258467	BRCA1	30	100	30.0
17	41258467	41258567	BRCA1	32	100	32.0
17	41258567	41258667	BRCA1	31	100	31.0
17	41258667	41258767	BRCA1	32	100	32.0
17	41258767	41258867	BRCA1	25	100	25.0
17	41258867	41258967	BRCA1	30	100	30.0
17	41258967	41259067	BRCA1	28	100	28.0
17	41259067	41259087	BRCA1	4	20	20.0
17	41259359	41259459	BRCA1	41	100	41.0
17	41259459	41259479	BRCA1	9	20	45.0
17	41259646	41259746	BRCA1	40	100	40.0
17	41259746	41259846	BRCA1	33	100	33.0
17	41259846	41259946	BRCA1	33	100	33.0
17	41259946	41260046	BRCA1	41	100	41.0
17	41260046	41260126	BRCA1	40	80	50.0
17	41260156	41260256	BRCA1	51	100	51.0
17	41260256	41260356	BRCA1	49	100	49.0
17	41260356	41260456	BRCA1	35	100	35.0
17	41260456	41260516	BRCA1	35	60	58.3333333333
17	41261037	41261137	BRCA1	45	100	45.0
17	41261137	41261237	BRCA1	45	100	45.0
17	41261237	41261337	BRCA1	49	100	49.0
17	41261337	41261437	BRCA1	38	100	38.0
17	41261437	41261537	BRCA1	48	100	48.0
17	41261537	41261637	BRCA1	38	100	38.0
17	41261637	41261737	BRCA1	37	100	37.0
17	41261737	41261837	BRCA1	41	100	41.0
17	41261837	41261910	BRCA1	22	73	30.1369863014
17	41262162	41262262	BRCA1	46	100	46.0
17	41262262	41262362	BRCA1	36	100	36.0
17	41262362	41262462	BRCA1	51	100	51.0
17	41262462	41262562	BRCA1	52	100	52.0
17	41262562	41262662	BRCA1	34	100	34.0
17	41262662	41262762	BRCA1	45	100	45.0
17	41262762	41262803	BRCA1	23	41	56.0975609756
17	41263098	41263198	BRCA1	28	100	28.0
17	41263198	41263298	BRCA1	40	100	40.0
17	41263298	41263338	BRCA1	23	40	57.5
17	41263857	41263957	BRCA1	27	100	27.0
17	41263957	41264057	BRCA1	35	100	35.0
17	41264057	41264097	BRCA1	14	40	35.0
17	41264366	41264466	BRCA1	42	100	42.0
17	41264466	41264566	BRCA1	43	100	43.0
17	41264566	41264666	BRCA1	42	100	42.0
17	41264666	41264766	BRCA1	31	100	31.0
17	41264766	41264846	BRCA1	29	80	36.25
17	41265037	41265137	BRCA1	58	100	58.0
17	41265137	41265237	BRCA1	38	100	38.0
17	41265237	41265337	BRCA1	43	100	43.0
17	41265337	41265437	BRCA1	36	100	36.0
17	41265437	41265537	BRCA1	59	100	59.0
17	41265537	41265637	BRCA1	48	100	48.0
17	41265637	41265737	BRCA1	45	100	45.0
17	41265737	41265837	BRCA1	39	100	39.0
17	41265837	41265868	BRCA1	13	31	41.935483871
17	41266172	41266272	BRCA1	54	100	54.0
17	41266272	41266372	BRCA1	37	100	37.0
17	41266372	41266472	BRCA1	41	100	41.0
17	41266472	41266572	BRCA1	28	100	28.0
17	41266572	41266672	BRCA1	39	100	39.0
17	41266672	41266772	BRCA1	37	100	37.0
17	41266772	41266872	BRCA1	33	100	33.0
17	41266872	41266972	BRCA1	23	100	23.0
17	41266972	41267072	BRCA1	40	100	40.0
17	41267072	41267172	BRCA1	41	100	41.0
17	41267172	41267252	BRCA1	27	80	33.75
17	41267533	41267633	BRCA1	30	100	30.0
17	41267633	41267733	BRCA1	33	100	33.0
17	41267733	41267833	BRCA1	42	100	42.0
17	41267833	41267933	BRCA1	31	100	31.0
17	41267933	41268033	BRCA1	35	100	35.0
17	41268033	41268133	BRCA1	31	100	31.0
17	41268133	41268233	BRCA1	31	100	31.0
17	41268233	41268333	BRCA1	26	100	26.0
17	41268333	41268433	BRCA1	41	100	41.0
17	41268433	41268533	BRCA1	56	100	56.0
17	41268533	41268553	BRCA1	6	20	30.0
17	41268843	41268943	BRCA1	37	100	37.0
17	41268943	41269043	BRCA1	37	100	37.0
17	41269043	41269143	BRCA1	33	100	33.0
17	41269258	41269358	BRCA1	49	100	49.0
17	41269358	41269458	BRCA1	52	100	52.0
17	41269458	41269473	BRCA1	2	15	13.3333333333
17	41269639	41269739	BRCA1	59	100	59.0
17	41269739	41269839	BRCA1	35	100	35.0
17	41269839	41269939	BRCA1	27	100	27.0
17	41269939	41270039	BRCA1	35	100	35.0
17	41270039	41270139	BRCA1	46	100	46.0
17	41270139	41270239	BRCA1	44	100	44.0
17	41270239	41270339	BRCA1	42	100	42.0
17	41270339	41270419	BRCA1	22	80	27.5
17	41270543	41270643	BRCA1	41	100	41.0
17	41270643	41270743	BRCA1	51	100	51.0
17	41270743	41270843	BRCA1	45	100	45.0
17	41270843	41270943	BRCA1	58	100	58.0
17	41270943	41271043	BRCA1	47	100	47.0
17	41271043	41271143	BRCA1	40	100	40.0
17	41271143	41271243	BRCA1	42	100	42.0
17	41271243	41271343	BRCA1	43	100	43.0
17	41271343	41271443	BRCA1	40	100	40.0
17	41271443	41271543	BRCA1	50	100	50.0
17	41271543	41271643	BRCA1	36	100	36.0
17	41271643	41271743	BRCA1	32	100	32.0
17	41271743	41271843	BRCA1	31	100	31.0
17	41271843	41271943	BRCA1	28	100	28.0
17	41271943	41272043	BRCA1	27	100	27.0
17	41272043	41272143	BRCA1	38	100	38.0
17	41272143	41272243	BRCA1	33	100	33.0
17	41272243	41272343	BRCA1	38	100	38.0
17	41272343	41272443	BRCA1	31	100	31.0
17	41272443	41272508	BRCA1	23	65	35.3846153846
17	41272789	41272889	BRCA1	53	100	53.0
17	41272889	41272909	BRCA1	10	20	50.0
17	41273696	41273796	BRCA1	19	100	19.0
17	41273796	41273896	BRCA1	24	100	24.0
17	41273896	41273996	BRCA1	37	100	37.0
17	41273996	41274096	BRCA1	30	100	30.0
17	41274096	41274196	BRCA1	34	100	34.0
17	41274196	41274296	BRCA1	28	100	28.0
17	41274296	41274396	BRCA1	25	100	25.0
17	41274396	41274496	BRCA1	36	100	36.0
17	41274496	41274596	BRCA1	39	100	39.0
17	41274596	41274696	BRCA1	48	100	48.0
17	41274696	41274762	BRCA1	32	66	48.4848484848
17	41274858	41274958	BRCA1	44	100	44.0
17	41274958	41274978	BRCA1	11	20	55.0
17	41275056	41275156	BRCA1	46	100	46.0
17	41275156	41275256	BRCA1	49	100	49.0
17	41275256	41275356	BRCA1	35	100	35.0
17	41275356	41275409	BRCA1	12	53	22.641509434
17	41275604	41275704	BRCA1	51	100	51.0
17	41275704	41275804	BRCA1	45	100	45.0
17	41275804	41275904	BRCA1	38	100	38.0
17	41275904	41276004	BRCA1	35	100	35.0
17	41276004	41276104	BRCA1	38	100	38.0
17	41276104	41276204	BRCA1	21	100	21.0
17	41276204	41276304	BRCA1	24	100	24.0
17	41276304	41276404	BRCA1	36	100	36.0
17	41276404	41276504	BRCA1	42	100	42.0
17	41276504	41276604	BRCA1	57	100	57.0
17	41276604	41276704	BRCA1	52	100	52.0
17	41276704	41276744	BRCA1	20	40	50.0
17	41276985	41277085	BRCA1;NBR2	52	100	52.0
17	41277085	41277185	BRCA1;NBR2	66	100	66.0
17	41277185	41277285	BRCA1;NBR2	57	100	57.0
17	41277285	41277385	BRCA1;NBR2	62	100	62.0
17	41277385	41277485	BRCA1;NBR2	53	100	53.0
17	41277485	41277585	BRCA1;NBR2	56	100	56.0
17	41277585	41277685	BRCA1;NBR2	47	100	47.0
17	41277685	41277785	BRCA1;NBR2	50	100	50.0
17	41277785	41277885	BRCA1;NBR2	44	100	44.0
17	41277885	41277985	BRCA1;NBR2	48	100	48.0
17	41277985	41278085	BRCA1;NBR2	37	100	37.0
17	41278085	41278185	BRCA1;NBR2	63	100	63.0
17	41278185	41278285	BRCA1;NBR2	57	100	57.0
17	41278285	41278385	BRCA1;NBR2	51	100	51.0
17	41278385	41278485	BRCA1;NBR2	63	100	63.0
17	41278485	41278585	BRCA1;NBR2	54	100	54.0
17	41278585	41278685	BRCA1;NBR2	53	100	53.0
17	41278685	41278785	BRCA1;NBR2	69	100	69.0
17	41278785	41278885	BRCA1;NBR2	72	100	72.0
17	41278885	41278985	BRCA1;NBR2	81	100	81.0
17	41278985	41279085	BRCA1;NBR2	74	100	74.0
17	41279085	41279185	BRCA1;NBR2	75	100	75.0
17	41279185	41279285	BRCA1;NBR2	67	100	67.0
17	41279285	41279383	BRCA1;NBR2	46	98	46.9387755102
17	41280065	41280165	NBR2	54	100	54.0
17	41280165	41280185	NBR2	10	20	50.0
17	41280357	41280457	NBR2	48	100	48.0
17	41280457	41280477	NBR2	12	20	60.0
17	41280478	41280578	NBR2	50	100	50.0
17	41280578	41280678	NBR2	48	100	48.0
17	41280678	41280778	NBR2	40	100	40.0
17	41280778	41280878	NBR2	38	100	38.0
17	41280878	41280898	NBR2	12	20	60.0
17	41280927	41281027	NBR2	56	100	56.0
17	41281027	41281127	NBR2	40	100	40.0
17	41281127	41281227	NBR2	46	100	46.0
17	41281227	41281327	NBR2	39	100	39.0
17	41281327	41281427	NBR2	43	100	43.0
17	41281427	41281527	NBR2	36	100	36.0
17	41281527	41281587	NBR2	38	60	63.3333333333
17	41281747	41281847	NBR2	48	100	48.0
17	41281847	41281947	NBR2	38	100	38.0
17	41281947	41282047	NBR2	42	100	42.0
17	41282047	41282147	NBR2	36	100	36.0
17	41282147	41282247	NBR2	34	100	34.0
17	41282247	41282347	NBR2	46	100	46.0
17	41282347	41282447	NBR2	55	100	55.0
17	41282447	41282472	NBR2	12	25	48.0
17	41282475	41282575	NBR2	47	100	47.0
17	41282575	41282675	NBR2	38	100	38.0
17	41282675	41282775	NBR2	33	100	33.0
17	41282775	41282875	NBR2	43	100	43.0
17	41282875	41282975	NBR2	37	100	37.0
17	41282975	41283075	NBR2	34	100	34.0
17	41283075	41283175	NBR2	31	100	31.0
17	41283175	41283275	NBR2	27	100	27.0
17	41283275	41283375	NBR2	35	100	35.0
17	41283375	41283475	NBR2	33	100	33.0
17	41283475	41283575	NBR2	46	100	46.0
17	41283575	41283615	NBR2	17	40	42.5
17	41283689	41283789	NBR2	40	100	40.0
17	41283789	41283809	NBR2	6	20	30.0
17	41284042	41284142	NBR2	48	100	48.0
17	41284142	41284242	NBR2	57	100	57.0
17	41284242	41284342	NBR2	39	100	39.0
17	41284342	41284442	NBR2	50	100	50.0
17	41284442	41284542	NBR2	44	100	44.0
17	41284542	41284582	NBR2	24	40	60.0
17	41285053	41285153	NBR2	50	100	50.0
17	41285153	41285253	NBR2	44	100	44.0
17	41285253	41285353	NBR2	40	100	40.0
17	41285353	41285453	NBR2	53	100	53.0
17	41285453	41285553	NBR2	46	100	46.0
17	41285553	41285653	NBR2	50	100	50.0
17	41285924	41286024	NBR2	57	100	57.0
17	41286024	41286124	NBR2	48	100	48.0
17	41286124	41286224	NBR2	48	100	48.0
17	41286224	41286324	NBR2	53	100	53.0
17	41286324	41286424	NBR2	45	100	45.0
17	41286424	41286524	NBR2	51	100	51.0
17	41286524	41286624	NBR2	44	100	44.0
17	41286624	41286724	NBR2	35	100	35.0
17	41286724	41286824	NBR2	48	100	48.0
17	41286824	41286924	NBR2	48	100	48.0
17	41286924	41287024	NBR2	59	100	59.0
17	41287024	41287124	NBR2	60	100	60.0
17	41287124	41287224	NBR2	59	100	59.0
17	41287224	41287324	NBR2	70	100	70.0
17	41287324	41287424	NBR2	53	100	53.0
17	41287424	41287524	NBR2	49	100	49.0
17	41287524	41287624	NBR2	62	100	62.0
17	41287624	41287724	NBR2	63	100	63.0
17	41287724	41287824	NBR2	56	100	56.0
17	41287824	41287924	NBR2	71	100	71.0
17	41287924	41288024	NBR2	56	100	56.0
17	41288024	41288124	NBR2	60	100	60.0
17	41288124	41288204	NBR2	30	80	37.5
17	41289387	41289487	NBR2	31	100	31.0
17	41289487	41289587	NBR2	51	100	51.0
17	41289587	41289687	NBR2	52	100	52.0
17	41289687	41289724	NBR2	17	37	45.9459459459
17	41289837	41289937	NBR2	49	100	49.0
17	41289937	41289957	NBR2	12	20	60.0
17	41290072	41290172	NBR2	54	100	54.0
17	41290172	41290272	NBR2	42	100	42.0
17	41290272	41290372	NBR2	45	100	45.0
17	41290372	41290472	NBR2	56	100	56.0
17	41290472	41290572	NBR2	53	100	53.0
17	41290572	41290672	NBR2	53	100	53.0
17	41290672	41290772	NBR2	53	100	53.0
17	41290772	41290872	NBR2	64	100	64.0
17	41290872	41290972	NBR2	53	100	53.0
17	41290972	41291072	NBR2	40	100	40.0
17	41291072	41291172	NBR2	43	100	43.0
17	41291172	41291272	NBR2	25	100	25.0
17	41291272	41291372	NBR2	41	100	41.0
17	41291372	41291435	NBR2	25	63	39.6825396825
17	41291636	41291736	NBR2	61	100	61.0
17	41291736	41291756	NBR2	8	20	40.0
17	41291770	41291870	NBR2	41	100	41.0
17	41291870	41291970	NBR2	38	100	38.0
17	41291970	41292010	NBR2	16	40	40.0
17	41292021	41292121	NBR2	53	100	53.0
17	41292121	41292221	NBR2	53	100	53.0
17	41292221	41292321	NBR2	48	100	48.0
17	41292321	41292421	NBR2	41	100	41.0
17	41292421	41292521	NBR2	56	100	56.0
17	41292521	41292621	NBR2	48	100	48.0
17	41292621	41292721	NBR2	55	100	55.0
17	41292721	41292821	NBR2	55	100	55.0
17	41292821	41292921	NBR2	52	100	52.0
17	41292921	41293021	NBR2	34	100	34.0
17	41293021	41293121	NBR2	55	100	55.0
17	41293121	41293221	NBR2	67	100	67.0
17	41293221	41293321	NBR2	41	100	41.0
17	41293321	41293421	NBR2	53	100	53.0
17	41293421	41293513	NBR2	44	92	47.8260869565
17	41293759	41293859	NBR2	43	100	43.0
17	41293859	41293939	NBR2	40	80	50.0
17	41294180	41294280	NBR2	54	100	54.0
17	41294280	41294380	NBR2	49	100	49.0
17	41294380	41294480	NBR2	46	100	46.0
17	41294480	41294580	NBR2	50	100	50.0
17	41294580	41294680	NBR2	37	100	37.0
17	41294680	41294780	NBR2	32	100	32.0
17	41295194	41295294	NBR2	50	100	50.0
17	41295294	41295394	NBR2	43	100	43.0
17	41295394	41295494	NBR2	58	100	58.0
17	41295494	41295594	NBR2	41	100	41.0
17	41295594	41295694	NBR2	32	100	32.0
17	41295694	41295794	NBR2	57	100	57.0
17	41295794	41295894	NBR2	51	100	51.0
17	41295894	41295974	NBR2	32	80	40.0
17	41296244	41296344	NBR2	42	100	42.0
17	41296344	41296444	NBR2	59	100	59.0
17	41296444	41296544	NBR2	40	100	40.0
17	41296544	41296644	NBR2	56	100	56.0
17	41296644	41296724	NBR2	22	80	27.5
