Chr	Start	End	ID	tumour-brca-del-ch17
17	618874	618974	 VPS53	19.1613598094772
17	618974	619054	 VPS53	21.4786018078585
17	3765450	3765550	 CAMKK1	0
17	3765550	3765630	 CAMKK1	0
17	3769131	3769231	 CAMKK1	0
17	3769231	3769331	 CAMKK1	0
17	3769331	3769371	 CAMKK1	0
17	3772724	3772824	 CAMKK1	0
17	3772824	3772924	 CAMKK1	0
17	3772924	3772964	 CAMKK1	0
17	3773048	3773148	 CAMKK1	0
17	3773148	3773228	 CAMKK1	0
17	3775794	3775894	 CAMKK1	0
17	3775894	3775974	 CAMKK1	0
17	3776639	3776739	 CAMKK1	0
17	3776739	3776819	 CAMKK1	0
17	3779496	3779596	 CAMKK1	0
17	3779596	3779696	 CAMKK1	0
17	3779696	3779736	 CAMKK1	0
17	3783593	3783693	 CAMKK1	0
17	3783693	3783773	 CAMKK1	0
17	3784841	3784941	 CAMKK1	0
17	3784941	3785021	 CAMKK1	0
17	3785487	3785587	 CAMKK1	0
17	3785587	3785687	 CAMKK1	0
17	3785687	3785727	 CAMKK1	0
17	3785749	3785849	 CAMKK1	0
17	3785849	3785929	 CAMKK1	0
17	3786282	3786382	 CAMKK1	0
17	3786382	3786482	 CAMKK1	0
17	3786482	3786522	 CAMKK1	0
17	3786658	3786758	 CAMKK1	0
17	3786758	3786838	 CAMKK1	0
17	3787114	3787214	 CAMKK1	0
17	3787214	3787294	 CAMKK1	0
17	3787607	3787707	 CAMKK1	0
17	3787707	3787787	 CAMKK1	0
17	3788582	3788682	 CAMKK1	0
17	3788682	3788782	 CAMKK1	0
17	3788782	3788882	 CAMKK1	0
17	3788882	3788982	 CAMKK1	0
17	3788982	3789062	 CAMKK1	0
17	3793915	3794015	 CAMKK1	0
17	3794015	3794095	 CAMKK1	0
17	7569482	7569582	 TP53	0
17	7569582	7569662	 TP53	0
17	7572877	7572977	 TP53	3.70921753465842
17	7572977	7573057	 TP53	6.56823428103505
17	7573859	7573959	 TP53	4.06453785934318
17	7573959	7574059	 TP53	5.96394600043067
17	7574059	7574099	 TP53	7.34612394786653
17	7576470	7576570	 TP53	1.19311255870671
17	7576570	7576670	 TP53	1.17419947736243
17	7576670	7576730	 TP53	0.506827195003324
17	7576799	7576899	 TP53	3.33364003746711
17	7576899	7576999	 TP53	6.06739556993498
17	7576999	7577099	 TP53	3.53614497371463
17	7577099	7577199	 TP53	2.16991751825701
17	7577199	7577206	 TP53	2.65075589403767
17	7577433	7577533	 TP53	8.4767006672019
17	7577533	7577633	 TP53	10.1696427771326
17	7577633	7577673	 TP53	0.243540043658742
17	7578112	7578212	 TP53	9.14343374922908
17	7578212	7578312	 TP53	4.47901620491295
17	7578312	7578412	 TP53	7.42762807670869
17	7578412	7578512	 TP53	5.40783162282557
17	7578512	7578582	 TP53	6.92633667340809
17	7579300	7579400	 TP53	8.45585541343929
17	7579400	7579500	 TP53	6.56419296617111
17	7579500	7579600	 TP53	0.848194930789959
17	7579620	7579720	 TP53	0.270391581140549
17	7579720	7579820	 TP53	0.759011172023774
17	7579820	7579920	 TP53	5.55751775866709
17	7579920	7579965	 TP53	9.13064299182193
17	7826368	7826468	 KCNAB3	3.34407034037349
17	7826468	7826548	 KCNAB3	5.8249660598486
17	7826727	7826827	 KCNAB3	7.06569700949371
17	7826827	7826907	 KCNAB3	8.85641859728683
17	7826968	7827068	 KCNAB3	5.23955438991435
17	7827068	7827168	 KCNAB3	7.70645679974901
17	7827168	7827208	 KCNAB3	6.57089625711675
17	7827242	7827342	 KCNAB3	4.97337006913635
17	7827342	7827442	 KCNAB3	3.51395042755615
17	7827442	7827542	 KCNAB3	4.93018934329809
17	7827542	7827642	 KCNAB3	3.19336608943451
17	7827685	7827785	 KCNAB3	6.12354716967439
17	7827785	7827865	 KCNAB3	11.9931092612845
17	7828367	7828467	 KCNAB3	1.10804298804619
17	7828467	7828547	 KCNAB3	2.66379787536001
17	7828932	7829032	 KCNAB3	4.50755020363274
17	7829032	7829112	 KCNAB3	3.98959415589072
17	7829180	7829280	 KCNAB3;RP11-1099M24.7	4.36214535834874
17	7829280	7829380	 KCNAB3;RP11-1099M24.7	4.14723722676628
17	7829380	7829480	 KCNAB3;RP11-1099M24.7	0.725766514683819
17	7829480	7829488	 KCNAB3;RP11-1099M24.7	0
17	7830611	7830711	 KCNAB3;RP11-1099M24.7	1.30191079030934
17	7830711	7830791	 KCNAB3;RP11-1099M24.7	1.25885299754649
17	7830903	7831003	 KCNAB3;RP11-1099M24.7	1.76257582138045
17	7831003	7831103	 KCNAB3;RP11-1099M24.7	1.54755433564481
17	7831103	7831203	 KCNAB3;RP11-1099M24.7	5.28133622484268
17	7831203	7831212	 KCNAB3;RP11-1099M24.7	1.4747768399872
17	7831556	7831656	 KCNAB3;RP11-1099M24.7	0
17	7831656	7831736	 KCNAB3;RP11-1099M24.7	0
17	7832420	7832520	 KCNAB3;RP11-1099M24.7	1.63612677888261
17	7832520	7832620	 KCNAB3;RP11-1099M24.7	6.01336537064248
17	7832620	7832720	 KCNAB3;RP11-1099M24.7	4.93715097277723
17	7832720	7832780	 KCNAB3;RP11-1099M24.7	3.03594278335422
17	8044371	8044471	 PER1	0
17	8044471	8044571	 PER1	0
17	8044571	8044671	 PER1	0
17	8045077	8045177	 PER1	0
17	8045177	8045277	 PER1	0
17	8045277	8045317	 PER1	0
17	8045561	8045661	 PER1	0
17	8045661	8045761	 PER1	0
17	8045761	8045801	 PER1	0
17	8045939	8046039	 PER1	0
17	8046039	8046139	 PER1	0
17	8046139	8046179	 PER1	0
17	8046558	8046658	 PER1	0
17	8046658	8046758	 PER1	0
17	8046758	8046858	 PER1	0
17	8046858	8046958	 PER1	0
17	8046958	8047058	 PER1	0
17	8047058	8047158	 PER1	0
17	8047158	8047218	 PER1	0
17	8047367	8047467	 PER1	0
17	8047467	8047567	 PER1	0
17	8047567	8047607	 PER1	0
17	8047866	8047966	 PER1	0
17	8047966	8048066	 PER1	0
17	8048066	8048166	 PER1	0
17	8048166	8048266	 PER1	0
17	8048266	8048346	 PER1	0
17	8049245	8049345	 PER1	0
17	8049345	8049445	 PER1	0
17	8049445	8049485	 PER1	0
17	8049634	8049734	 PER1	0
17	8049734	8049834	 PER1	0
17	8049834	8049874	 PER1	0
17	8049877	8049977	 PER1	0
17	8049977	8050077	 PER1	0
17	8050077	8050117	 PER1	0
17	8050147	8050247	 PER1	0
17	8050247	8050347	 PER1	0
17	8050347	8050387	 PER1	0
17	8050513	8050613	 PER1	0
17	8050613	8050713	 PER1	0
17	8050713	8050813	 PER1	0
17	8050813	8050913	 PER1	0
17	8050913	8051013	 PER1	0
17	8051013	8051113	 PER1	0
17	8051113	8051188	 PER1	0
17	8051247	8051347	 PER1	0
17	8051347	8051447	 PER1	0
17	8051447	8051547	 PER1	0
17	8051547	8051627	 PER1	0
17	8051912	8052012	 PER1	0
17	8052012	8052112	 PER1	0
17	8052112	8052152	 PER1	0
17	8052512	8052612	 PER1	0
17	8052612	8052692	 PER1	0
17	8052760	8052860	 PER1	0
17	8052860	8052960	 PER1	0
17	8052960	8053000	 PER1	0
17	8053013	8053113	 PER1	0
17	8053113	8053213	 PER1	0
17	8053213	8053313	 PER1	0
17	8053313	8053413	 PER1	0
17	8053413	8053485	 PER1	0
17	8053495	8053595	 PER1	0
17	8053595	8053675	 PER1	0
17	8053736	8053836	 PER1	0
17	8053836	8053936	 PER1	0
17	8053936	8054036	 PER1	0
17	8055612	8055712	 PER1;RP11-599B13.6	0
17	8055712	8055792	 PER1;RP11-599B13.6	0
17	8059558	8059658	 PER1;RP11-599B13.6	0
17	8059658	8059738	 PER1;RP11-599B13.6	0
17	11924140	11924240	 RPL21P122;MAP2K4	0
17	11924240	11924340	 RPL21P122;MAP2K4	0
17	11924340	11924380	 RPL21P122;MAP2K4	0
17	11935508	11935608	 MAP2K4	0
17	11935608	11935688	 MAP2K4	0
17	11958136	11958236	 MAP2K4	0
17	11958236	11958336	 MAP2K4	0
17	11958336	11958376	 MAP2K4	0
17	11984639	11984739	 MAP2K4	0
17	11984739	11984839	 MAP2K4	0
17	11984839	11984879	 MAP2K4	0
17	11998831	11998931	 MAP2K4	0
17	11998931	11999031	 MAP2K4	0
17	11999031	11999071	 MAP2K4	0
17	12011046	12011146	 MAP2K4	0
17	12011146	12011246	 MAP2K4	0
17	12011246	12011286	 MAP2K4	0
17	12013627	12013727	 MAP2K4	0
17	12013727	12013807	 MAP2K4	0
17	12016493	12016593	 MAP2K4	0
17	12016593	12016693	 MAP2K4	0
17	12016693	12016733	 MAP2K4	0
17	12028559	12028659	 MAP2K4	0
17	12028659	12028739	 MAP2K4	0
17	12032409	12032509	 MAP2K4	0
17	12032509	12032609	 MAP2K4	0
17	12032609	12032649	 MAP2K4	0
17	12043088	12043188	 MAP2K4	0
17	12043188	12043268	 MAP2K4	0
17	12044400	12044500	 MAP2K4	0
17	12044500	12044600	 MAP2K4	0
17	12044600	12044640	 MAP2K4	0
17	15935583	15935683	 TTC19;NCOR1	0
17	15935683	15935783	 TTC19;NCOR1	0
17	15935783	15935823	 TTC19;NCOR1	0
17	15938048	15938148	 TTC19;NCOR1	0
17	15938148	15938248	 TTC19;NCOR1	0
17	15938248	15938288	 TTC19;NCOR1	0
17	15942577	15942677	 TTC19;NCOR1	0
17	15942677	15942777	 TTC19;NCOR1	0
17	15942777	15942877	 TTC19;NCOR1	0
17	15942877	15942977	 TTC19;NCOR1	0
17	15942977	15942997	 TTC19;NCOR1	0
17	15943691	15943791	 TTC19;NCOR1;AC002553.1	0
17	15943791	15943871	 TTC19;NCOR1;AC002553.1	0
17	15950215	15950315	 NCOR1	0
17	15950315	15950415	 NCOR1	0
17	15950415	15950455	 NCOR1	0
17	15952110	15952210	 NCOR1	0
17	15952210	15952310	 NCOR1	0
17	15952310	15952350	 NCOR1	0
17	15960789	15960889	 NCOR1	0
17	15960889	15960989	 NCOR1	0
17	15960989	15961089	 NCOR1	0
17	15961179	15961279	 NCOR1	0
17	15961279	15961379	 NCOR1	0
17	15961379	15961419	 NCOR1	0
17	15961728	15961828	 NCOR1	0
17	15961828	15961928	 NCOR1	0
17	15961928	15961968	 NCOR1	0
17	15964691	15964791	 NCOR1	0
17	15964791	15964891	 NCOR1	0
17	15964891	15964991	 NCOR1	0
17	15964991	15965091	 NCOR1	0
17	15965091	15965191	 NCOR1	0
17	15965191	15965231	 NCOR1	0
17	15965381	15965481	 NCOR1	0
17	15965481	15965581	 NCOR1	0
17	15965581	15965621	 NCOR1	0
17	15967321	15967421	 NCOR1	0
17	15967421	15967521	 NCOR1	0
17	15967521	15967561	 NCOR1	0
17	15968138	15968238	 NCOR1	0
17	15968238	15968338	 NCOR1	0
17	15968338	15968378	 NCOR1	0
17	15968783	15968883	 NCOR1	0
17	15968883	15968983	 NCOR1	0
17	15968983	15969023	 NCOR1	0
17	15971171	15971271	 NCOR1	0
17	15971271	15971371	 NCOR1	0
17	15971371	15971471	 NCOR1	0
17	15973448	15973548	 NCOR1	0
17	15973548	15973648	 NCOR1	0
17	15973648	15973748	 NCOR1	0
17	15973748	15973848	 NCOR1	0
17	15973848	15973868	 NCOR1	0
17	15974700	15974800	 NCOR1	0
17	15974800	15974900	 NCOR1	0
17	15974900	15975000	 NCOR1	0
17	15975410	15975510	 NCOR1	0
17	15975510	15975590	 NCOR1	0
17	15976692	15976792	 NCOR1	0
17	15976792	15976892	 NCOR1	0
17	15976892	15976932	 NCOR1	0
17	15978811	15978911	 NCOR1	0
17	15978911	15979011	 NCOR1	0
17	15979011	15979051	 NCOR1	0
17	15983207	15983307	 NCOR1	0
17	15983307	15983407	 NCOR1	0
17	15983407	15983447	 NCOR1	0
17	15983652	15983752	 NCOR1	0
17	15983752	15983852	 NCOR1	0
17	15983852	15983952	 NCOR1	0
17	15983952	15984052	 NCOR1	0
17	15984052	15984100	 NCOR1	0
17	15989555	15989655	 NCOR1	0
17	15989655	15989755	 NCOR1	0
17	15989755	15989795	 NCOR1	0
17	15990452	15990552	 NCOR1	0
17	15990552	15990652	 NCOR1	0
17	15990652	15990692	 NCOR1	0
17	15995150	15995250	 NCOR1	0
17	15995250	15995350	 NCOR1	0
17	15995350	15995390	 NCOR1	0
17	16001625	16001725	 NCOR1	0
17	16001725	16001825	 NCOR1	0
17	16001825	16001865	 NCOR1	0
17	16004541	16004641	 NCOR1	0
17	16004641	16004741	 NCOR1	0
17	16004741	16004841	 NCOR1	0
17	16004841	16004941	 NCOR1	0
17	16004941	16005041	 NCOR1	0
17	16005041	16005141	 NCOR1	0
17	16012042	16012142	 NCOR1	0
17	16012142	16012242	 NCOR1	0
17	16012242	16012282	 NCOR1	0
17	16021151	16021251	 NCOR1	0
17	16021251	16021351	 NCOR1	0
17	16021351	16021391	 NCOR1	0
17	16022677	16022777	 NCOR1	0
17	16022777	16022857	 NCOR1	0
17	16024354	16024454	 NCOR1	0
17	16024454	16024554	 NCOR1	0
17	16024554	16024594	 NCOR1	0
17	16029339	16029439	 NCOR1	0
17	16029439	16029539	 NCOR1	0
17	16029539	16029579	 NCOR1	0
17	16040555	16040655	 NCOR1	0
17	16040655	16040755	 NCOR1	0
17	16040755	16040795	 NCOR1	0
17	16041408	16041508	 NCOR1	0
17	16041508	16041588	 NCOR1	0
17	16042290	16042390	 NCOR1	0
17	16042390	16042490	 NCOR1	0
17	16042490	16042530	 NCOR1	0
17	16046874	16046974	 NCOR1	0
17	16046974	16047054	 NCOR1	0
17	16049655	16049755	 NCOR1	0
17	16049755	16049855	 NCOR1	0
17	16049855	16049895	 NCOR1	0
17	16052707	16052807	 NCOR1	0
17	16052807	16052887	 NCOR1	0
17	16054826	16054926	 NCOR1	0
17	16054926	16055006	 NCOR1	0
17	16055195	16055295	 NCOR1	0
17	16055295	16055375	 NCOR1	0
17	16056590	16056690	 NCOR1	0
17	16056690	16056770	 NCOR1	0
17	16062010	16062110	 NCOR1	0
17	16062110	16062210	 NCOR1	0
17	16062210	16062250	 NCOR1	0
17	16068263	16068363	 NCOR1	0
17	16068363	16068463	 NCOR1	0
17	16068463	16068503	 NCOR1	0
17	16075105	16075205	 NCOR1	0
17	16075205	16075305	 NCOR1	0
17	16075305	16075345	 NCOR1	0
17	16089814	16089914	 NCOR1	0
17	16089914	16090014	 NCOR1	0
17	16090014	16090054	 NCOR1	0
17	16097709	16097809	 NCOR1	0
17	16097809	16097909	 NCOR1	0
17	16097909	16097949	 NCOR1	0
17	17116949	17117049	 MPRIP;RP11-45M22.4;FLCN	0
17	17117049	17117149	 MPRIP;RP11-45M22.4;FLCN	0
17	17117149	17117189	 MPRIP;RP11-45M22.4;FLCN	0
17	17118231	17118331	 MPRIP;RP11-45M22.4;FLCN	0
17	17118331	17118431	 MPRIP;RP11-45M22.4;FLCN	0
17	17118431	17118531	 MPRIP;RP11-45M22.4;FLCN	0
17	17118531	17118631	 MPRIP;RP11-45M22.4;FLCN	0
17	17118631	17118684	 MPRIP;RP11-45M22.4;FLCN	0
17	17119635	17119735	 MPRIP;RP11-45M22.4;FLCN	0
17	17119735	17119835	 MPRIP;RP11-45M22.4;FLCN	0
17	17119835	17119875	 MPRIP;RP11-45M22.4;FLCN	0
17	17120319	17120419	 MPRIP;RP11-45M22.4;FLCN	0
17	17120419	17120519	 MPRIP;RP11-45M22.4;FLCN	0
17	17120519	17120559	 MPRIP;RP11-45M22.4;FLCN	0
17	17122307	17122407	 RP11-45M22.4;FLCN	0
17	17122407	17122507	 RP11-45M22.4;FLCN	0
17	17122507	17122547	 RP11-45M22.4;FLCN	0
17	17124667	17124767	 RP11-45M22.4;FLCN	0
17	17124767	17124867	 RP11-45M22.4;FLCN	0
17	17124867	17124967	 RP11-45M22.4;FLCN	0
17	17125774	17125874	 RP11-45M22.4;FLCN	0
17	17125874	17125974	 RP11-45M22.4;FLCN	0
17	17125974	17126014	 RP11-45M22.4;FLCN	0
17	17127196	17127296	 RP11-45M22.4;FLCN	0
17	17127296	17127396	 RP11-45M22.4;FLCN	0
17	17127396	17127496	 RP11-45M22.4;FLCN	0
17	17129253	17129353	 RP11-45M22.4;FLCN	0
17	17129353	17129453	 RP11-45M22.4;FLCN	0
17	17129453	17129553	 RP11-45M22.4;FLCN	0
17	17129553	17129653	 RP11-45M22.4;FLCN	0
17	17129653	17129673	 RP11-45M22.4;FLCN	0
17	17131176	17131276	 RP11-45M22.4;FLCN	0
17	17131276	17131376	 RP11-45M22.4;FLCN	0
17	17131376	17131476	 RP11-45M22.4;FLCN	0
17	29230480	29230580	 TEFM	0
17	29230580	29230660	 TEFM	0
17	29422186	29422286	 RP11-848P1.5;NF1	0.945459892245638
17	29422286	29422386	 RP11-848P1.5;NF1	2.18422939224082
17	29422386	29422426	 RP11-848P1.5;NF1	2.83512973712666
17	29482952	29483052	 NF1	1.91579914727032
17	29483052	29483152	 NF1	3.32351110852148
17	29483152	29483192	 NF1	0.645060459572083
17	29485979	29486079	 NF1	1.00525112941136
17	29486079	29486159	 NF1	1.6824194462223
17	29490178	29490278	 NF1	1.4988169501828
17	29490278	29490378	 NF1	1.82478437977311
17	29490378	29490418	 NF1	3.16814189060408
17	29496841	29496941	 NF1	1.13864097134822
17	29496941	29497041	 NF1	1.74596248792143
17	29497041	29497081	 NF1	0.595255720928829
17	29508383	29508483	 NF1	8.53648500324612
17	29508483	29508563	 NF1	7.26708025966497
17	29508675	29508775	 NF1	0.634895450154946
17	29508775	29508855	 NF1	0.138452106062783
17	29509484	29509584	 NF1	1.68919924813637
17	29509584	29509684	 NF1	0.489077571817039
17	29509684	29509724	 NF1	1.66175555426073
17	29527406	29527506	 NF1	6.26395505442059
17	29527506	29527606	 NF1	2.83878944917265
17	29527606	29527646	 NF1	1.19051144185765
17	29527995	29528095	 NF1	2.30126719357466
17	29528095	29528195	 NF1	5.18236286424024
17	29528195	29528235	 NF1	3.11595422901029
17	29528375	29528475	 NF1	0.432599807449017
17	29528475	29528555	 NF1	0.995705845124104
17	29533203	29533303	 NF1	3.39198775273007
17	29533303	29533403	 NF1	2.93912642356527
17	29533403	29533443	 NF1	2.75479100399736
17	29541415	29541515	 NF1	0.36010905779191
17	29541515	29541615	 NF1	2.64237719963923
17	29541615	29541655	 NF1	2.08074639663155
17	29545959	29546059	 NF1	1.97730958674015
17	29546059	29546159	 NF1	2.58313815162385
17	29546159	29546199	 NF1	1.09130215503598
17	29548817	29548917	 NF1	0.246640763953781
17	29548917	29549017	 NF1	0.774031748062299
17	29549017	29549057	 NF1	0.173616251937972
17	29550403	29550503	 NF1	3.37805537381801
17	29550503	29550603	 NF1	3.59109844810468
17	29550603	29550643	 NF1	0.967290546508863
17	29552070	29552170	 NF1	1.88965842724476
17	29552170	29552270	 NF1	2.59202326672472
17	29552270	29552310	 NF1	2.58024183829025
17	29553427	29553527	 NF1	2.13948454006348
17	29553527	29553627	 NF1	3.52306929343654
17	29553627	29553727	 NF1	2.82977983791194
17	29554182	29554282	 NF1	2.31591696352655
17	29554282	29554362	 NF1	3.01219363101292
17	29554492	29554592	 NF1	1.10057797752449
17	29554592	29554672	 NF1	1.51417750159399
17	29556022	29556122	 NF1	3.14445159594788
17	29556122	29556222	 NF1	8.93440403836216
17	29556222	29556322	 NF1	5.18943940023688
17	29556322	29556422	 NF1	2.56276445928684
17	29556422	29556502	 NF1	0.791154891785138
17	29556802	29556902	 NF1	1.55468286472317
17	29556902	29557002	 NF1	0.733616357725027
17	29557002	29557042	 NF1	1.27470854823393
17	29557218	29557318	 NF1	1.07295014607908
17	29557318	29557418	 NF1	1.80942481051106
17	29557418	29557458	 NF1	3.8691621860381
17	29557811	29557911	 NF1	0.374805276544421
17	29557911	29557991	 NF1	0.834784124152682
17	29559028	29559128	 NF1	2.05013015790093
17	29559128	29559228	 NF1	0.908412623736449
17	29559228	29559268	 NF1	0.395775277753884
17	29559688	29559788	 NF1	5.74862703677432
17	29559788	29559888	 NF1	5.45328670657945
17	29559888	29559928	 NF1	1.11936962102154
17	29560005	29560105	 NF1	8.51859169260716
17	29560105	29560205	 NF1	1.40291123751416
17	29560205	29560245	 NF1	1.08967937638722
17	29562589	29562689	 NF1	1.65152223146506
17	29562689	29562789	 NF1	2.64953681922712
17	29562789	29562829	 NF1	2.48773031731456
17	29562867	29562967	 NF1	0.880165002327186
17	29562967	29563067	 NF1	1.58972209153827
17	29563067	29563107	 NF1	4.34520104317574
17	29575949	29576049	 NF1	0.432599807449039
17	29576049	29576149	 NF1	3.00674698940262
17	29576149	29576189	 NF1	14.9844717648698
17	29579896	29579996	 NF1	0.683388509570516
17	29579996	29580076	 NF1	1.94747139314101
17	29584630	29584730	 NF1	0
17	29584730	29584810	 NF1	0
17	29585320	29585420	 NF1	2.64324121313871
17	29585420	29585520	 NF1	2.23318103334897
17	29585520	29585560	 NF1	2.37380926939795
17	29586008	29586108	 NF1	1.30462828229941
17	29586108	29586188	 NF1	0.46974643688145
17	29587339	29587439	 NF1	1.4082640037248
17	29587439	29587539	 NF1	2.10273143532856
17	29587539	29587579	 NF1	3.24854297805626
17	29588681	29588781	 NF1	2.84585496869898
17	29588781	29588881	 NF1	1.84552056591152
17	29588881	29588921	 NF1	2.54778865243426
17	29592181	29592281	 NF1	1.25803441507799
17	29592281	29592381	 NF1	2.89134892400566
17	29592381	29592421	 NF1	3.89488074755082
17	29626485	29626585	 NF1	0
17	29626585	29626665	 NF1	0
17	29652813	29652913	 NF1	1.54499931232198
17	29652913	29653013	 NF1	3.49287460446771
17	29653013	29653113	 NF1	8.72078930555689
17	29653113	29653213	 NF1	2.58313815162394
17	29653213	29653293	 NF1	2.03976542719632
17	29654476	29654576	 NF1	3.42933858060895
17	29654576	29654676	 NF1	3.49287460446787
17	29654676	29654776	 NF1	10.1857211305742
17	29654776	29654876	 NF1	5.63972837235835
17	29654876	29654896	 NF1	0.395775277753901
17	29657294	29657394	 NF1	3.48659173259268
17	29657394	29657494	 NF1	2.48677485427194
17	29657494	29657534	 NF1	1.74466926138466
17	29661624	29661724	 NF1	0
17	29661724	29661804	 NF1	0.509557730487973
17	29661832	29661932	 NF1	1.44738244827066
17	29661932	29662032	 NF1	3.87036275743032
17	29662032	29662072	 NF1	1.6345190645793
17	29663300	29663400	 NF1	2.18969417566473
17	29663400	29663500	 NF1	2.37280703252298
17	29663500	29663540	 NF1	2.10819734496106
17	29663642	29663742	 NF1	1.13834198748374
17	29663742	29663842	 NF1	0.988783137833685
17	29663842	29663942	 NF1	1.52399801275988
17	29664372	29664472	 NF1	0.918272927534258
17	29664472	29664572	 NF1	2.5425734487648
17	29664572	29664612	 NF1	0.948424642411836
17	29664776	29664876	 NF1	2.31997668295738
17	29664876	29664956	 NF1	0.968226335731751
17	29664968	29665068	 NF1	1.20389140666512
17	29665068	29665168	 NF1	1.00600971544673
17	29665168	29665208	 NF1	0.716164788316397
17	29665652	29665752	 NF1	2.82746467441298
17	29665752	29665852	 NF1	2.67799880801348
17	29665852	29665892	 NF1	0.254778865243406
17	29667472	29667572	 NF1	5.41122905901081
17	29667572	29667672	 NF1	3.52428461618623
17	29667672	29667712	 NF1	0.280701664292615
17	29669969	29670069	 NF1	1.31674730874089
17	29670069	29670169	 NF1	3.98419695618272
17	29670169	29670209	 NF1	1.7882859929194
17	29676083	29676183	 NF1	3.91399825787109
17	29676183	29676283	 NF1	1.6885406147634
17	29676283	29676323	 NF1	2.31168677133395
17	29677148	29677248	 NF1	2.05036366646389
17	29677248	29677348	 NF1	1.66956824830122
17	29677348	29677388	 NF1	1.22126848297022
17	29679233	29679333	 NF1	2.60080896809541
17	29679333	29679433	 NF1	6.11700178844856
17	29679433	29679473	 NF1	4.1047622891802
17	29683418	29683518	 NF1	1.09130215503596
17	29683518	29683618	 NF1	0.68338850957053
17	29683618	29683658	 NF1	0.70197755894624
17	29683922	29684022	 NF1	1.3288109908356
17	29684022	29684122	 NF1	1.59457318899861
17	29684122	29684162	 NF1	0.848089880901333
17	29684216	29684316	 NF1	0.690192968956578
17	29684316	29684416	 NF1	2.99763390036565
17	29684416	29684456	 NF1	3.2604344310203
17	29685448	29685548	 NF1	3.28454126350283
17	29685548	29685648	 NF1	2.97970194853209
17	29685648	29685688	 NF1	2.50657675910622
17	29685919	29686019	 NF1	2.46947496293063
17	29686019	29686099	 NF1	6.65210732711548
17	29687466	29687566	 NF1	2.38676665148261
17	29687566	29687666	 NF1	9.92399923179173
17	29687666	29687766	 NF1	3.22332537827852
17	29694179	29694279	 NF1	0
17	29694279	29694359	 NF1	0
17	29700981	29701081	 NF1	4.67478425310932
17	29701081	29701181	 NF1	3.63564240804028
17	29701181	29701221	 NF1	0.976652316768507
17	29705837	29705937	 NF1	0
17	29705937	29706017	 NF1	0
17	33427923	33428023	 RAD51L3-RFFL;RAD51D	5.09401080967412
17	33428023	33428103	 RAD51L3-RFFL;RAD51D	4.76075315434761
17	33428181	33428281	 RAD51L3-RFFL;RAD51D	9.35800329119082
17	33428281	33428381	 RAD51L3-RFFL;RAD51D	2.21668789396811
17	33428381	33428421	 RAD51L3-RFFL;RAD51D	3.18832113831918
17	33430217	33430317	 RAD51L3-RFFL;RAD51D	4.179399087971
17	33430317	33430397	 RAD51L3-RFFL;RAD51D	8.89588301955168
17	33430427	33430527	 RAD51L3-RFFL;RAD51D	5.77592222118808
17	33430527	33430607	 RAD51L3-RFFL;RAD51D	6.76284863009253
17	33433146	33433246	 RAD51L3-RFFL;RAD51D	0
17	33433246	33433326	 RAD51L3-RFFL;RAD51D	0.699252591958193
17	33433362	33433462	 RAD51L3-RFFL;RAD51D	6.34831698212406
17	33433462	33433542	 RAD51L3-RFFL;RAD51D	6.98178977280203
17	33433953	33434053	 RAD51L3-RFFL;RAD51D	4.11851762473244
17	33434053	33434153	 RAD51L3-RFFL;RAD51D	6.28613780312311
17	33434153	33434193	 RAD51L3-RFFL;RAD51D	7.48514613419606
17	33434335	33434435	 RAD51L3-RFFL;RAD51D	5.50789706439581
17	33434435	33434515	 RAD51L3-RFFL;RAD51D	1.32439812091592
17	33443846	33443946	 RAD51L3-RFFL;RAD51D	2.10150851744757
17	33443946	33444046	 RAD51L3-RFFL;RAD51D	4.11801862066232
17	33444046	33444086	 RAD51L3-RFFL;RAD51D	8.83851049737067
17	33445458	33445558	 RAD51L3-RFFL;RAD51D	7.36686334497253
17	33445558	33445658	 RAD51L3-RFFL;RAD51D	8.59824310139258
17	33445658	33445698	 RAD51L3-RFFL;RAD51D	4.95752877748718
17	33446070	33446170	 RAD51L3-RFFL;RAD51D	2.64348145012617
17	33446170	33446250	 RAD51L3-RFFL;RAD51D	9.83923451796022
17	33446501	33446601	 RAD51L3-RFFL;RAD51D	3.46101223860605
17	33446601	33446701	 RAD51L3-RFFL;RAD51D	5.07847027835183
17	33446701	33446801	 RAD51L3-RFFL;RAD51D	1.05730030785726
17	33446801	33446852	 RAD51L3-RFFL;RAD51D	0
17	36096424	36096524	 HNF1B	19.9953845908452
17	36096524	36096604	 HNF1B	6.1432784046135
17	37855736	37855836	 ERBB2	0
17	37855836	37855916	 ERBB2	0
17	37856437	37856537	 ERBB2	0
17	37856537	37856617	 ERBB2	0
17	37863222	37863322	 ERBB2	0
17	37863322	37863422	 ERBB2	0
17	37863422	37863462	 ERBB2	0
17	37864560	37864660	 ERBB2	0
17	37864660	37864760	 ERBB2	0
17	37864760	37864800	 ERBB2	0
17	37865517	37865617	 ERBB2	0
17	37865617	37865717	 ERBB2	0
17	37865717	37865757	 ERBB2	0
17	37866009	37866109	 ERBB2	0
17	37866109	37866189	 ERBB2	0
17	37866276	37866376	 ERBB2	0
17	37866376	37866476	 ERBB2	0
17	37866476	37866516	 ERBB2	0
17	37866543	37866643	 ERBB2	0
17	37866643	37866743	 ERBB2	0
17	37866743	37866783	 ERBB2	0
17	37868120	37868220	 ERBB2	0
17	37868220	37868320	 ERBB2	0
17	37868320	37868360	 ERBB2	0
17	37868517	37868617	 ERBB2	0
17	37868617	37868717	 ERBB2	0
17	37868717	37868757	 ERBB2	0
17	37869260	37869360	 ERBB2	0
17	37869360	37869440	 ERBB2	0
17	37871485	37871585	 ERBB2	0
17	37871585	37871685	 ERBB2	0
17	37871685	37871785	 ERBB2	0
17	37871785	37871833	 ERBB2	0
17	37871972	37872072	 ERBB2	0
17	37872072	37872172	 ERBB2	0
17	37872172	37872212	 ERBB2	0
17	37872499	37872599	 ERBB2	0
17	37872599	37872699	 ERBB2	0
17	37872699	37872799	 ERBB2	0
17	37872799	37872899	 ERBB2	0
17	37872899	37872902	 ERBB2	0
17	37873534	37873634	 ERBB2	0
17	37873634	37873734	 ERBB2	0
17	37873734	37873774	 ERBB2	0
17	37875973	37876073	 ERBB2	0
17	37876073	37876153	 ERBB2	0
17	37879520	37879620	 ERBB2	0
17	37879620	37879720	 ERBB2	0
17	37879720	37879820	 ERBB2	0
17	37879820	37879920	 ERBB2	0
17	37879920	37879971	 ERBB2	0
17	37880123	37880223	 ERBB2	0
17	37880223	37880303	 ERBB2	0
17	37880951	37881051	 ERBB2	0
17	37881051	37881151	 ERBB2	0
17	37881151	37881191	 ERBB2	0
17	37881259	37881359	 ERBB2	0
17	37881359	37881459	 ERBB2	0
17	37881459	37881499	 ERBB2	0
17	37881527	37881627	 ERBB2	0
17	37881627	37881707	 ERBB2	0
17	37881912	37882012	 ERBB2	0
17	37882012	37882112	 ERBB2	0
17	37882112	37882152	 ERBB2	0
17	37882773	37882873	 ERBB2;MIR4728	0
17	37882873	37882953	 ERBB2;MIR4728	0
17	37883041	37883141	 ERBB2	0
17	37883141	37883241	 ERBB2	0
17	37883241	37883281	 ERBB2	0
17	37883523	37883623	 ERBB2	0
17	37883623	37883723	 ERBB2	0
17	37883723	37883823	 ERBB2	0
17	37883909	37884009	 ERBB2	0
17	37884009	37884109	 ERBB2	0
17	37884109	37884209	 ERBB2	0
17	37884209	37884309	 ERBB2	0
17	37884309	37884329	 ERBB2	0
17	41196296	41196396	 BRCA1	3.06835625810622
17	41196396	41196496	 BRCA1	1.65889489071104
17	41196496	41196596	 BRCA1	0.151402103956423
17	41196596	41196696	 BRCA1	0.141634283137147
17	41196696	41196796	 BRCA1	0.205999908308468
17	41196796	41196896	 BRCA1	0.208177892939045
17	41197070	41197170	 BRCA1	0.300094975928599
17	41197170	41197270	 BRCA1	2.86545317493979
17	41197270	41197370	 BRCA1	5.8327583341523
17	41197370	41197470	 BRCA1	5.0466494778282
17	41197470	41197570	 BRCA1	4.85965162361078
17	41197570	41197670	 BRCA1	10.5742540626046
17	41197670	41197770	 BRCA1	4.55406703214557
17	41197770	41197870	 BRCA1	5.96159865640694
17	41197870	41197970	 BRCA1	3.27416064126602
17	41198378	41198478	 BRCA1	0.0643318933913072
17	41198478	41198498	 BRCA1	0.0237623686799404
17	41198718	41198818	 BRCA1	2.73901717801306
17	41198818	41198918	 BRCA1	2.02642734308273
17	41198918	41199018	 BRCA1	0.637957953979592
17	41199018	41199118	 BRCA1	0.0586776668217423
17	41199118	41199158	 BRCA1	0.100896238554349
17	41199168	41199268	 BRCA1	0.353437466841975
17	41199268	41199368	 BRCA1	0.92209047194308
17	41199368	41199468	 BRCA1	1.65889489071103
17	41199468	41199568	 BRCA1	3.23272083013806
17	41199568	41199668	 BRCA1	3.09531209548422
17	41199668	41199768	 BRCA1	2.37494580620873
17	41199768	41199795	 BRCA1	1.61682530110955
17	41199990	41200090	 BRCA1	0.403960267559905
17	41200090	41200190	 BRCA1	6.15648009366063
17	41200190	41200230	 BRCA1	1.13610034484187
17	41200587	41200687	 BRCA1	0.0250263418441013
17	41200687	41200707	 BRCA1	0.0201792477108275
17	41200792	41200892	 BRCA1	0.0950494747200201
17	41200892	41200992	 BRCA1	0.771644563422746
17	41200992	41201092	 BRCA1	5.65675914722348
17	41201092	41201192	 BRCA1	6.08316638207714
17	41201192	41201292	 BRCA1	2.72004708606629
17	41201292	41201392	 BRCA1	1.70847127393157
17	41201392	41201492	 BRCA1	0.469421334574573
17	41201492	41201592	 BRCA1	1.93037682544229
17	41201592	41201692	 BRCA1	2.5612694718281
17	41201692	41201792	 BRCA1	4.33853825784006
17	41201792	41201892	 BRCA1	5.83275833415227
17	41201892	41201992	 BRCA1	2.23989649590719
17	41201992	41202092	 BRCA1	2.78091160310683
17	41202092	41202192	 BRCA1	6.73063314235606
17	41202192	41202292	 BRCA1	5.01032289653994
17	41202292	41202352	 BRCA1	0.858845579486304
17	41202606	41202706	 BRCA1	1.338885277228
17	41202706	41202806	 BRCA1	1.78340244705372
17	41202806	41202906	 BRCA1	0.73361635772507
17	41202906	41203006	 BRCA1	0.71012450502135
17	41203006	41203106	 BRCA1	1.25940554003979
17	41203106	41203206	 BRCA1	1.40825132824196
17	41203206	41203306	 BRCA1	0.677184330207578
17	41203306	41203406	 BRCA1	1.36677701914316
17	41203406	41203506	 BRCA1	0.572044740156736
17	41203506	41203606	 BRCA1	2.07310859775365
17	41203606	41203686	 BRCA1	0.866936322699204
17	41203949	41204049	 BRCA1	3.27446299537963
17	41204049	41204149	 BRCA1	1.31383750815238
17	41204149	41204249	 BRCA1	0.749610553088821
17	41204249	41204349	 BRCA1	1.10039725456966
17	41204349	41204369	 BRCA1	0.665346323040591
17	41204451	41204551	 BRCA1	2.17640524436332
17	41204551	41204651	 BRCA1	1.76443008059155
17	41204651	41204751	 BRCA1	1.49922110618172
17	41204751	41204851	 BRCA1	0.534442376198363
17	41204851	41204895	 BRCA1	0.176321663026363
17	41205107	41205207	 BRCA1	1.55098501630116
17	41205207	41205307	 BRCA1	1.66336580760476
17	41205307	41205407	 BRCA1	0.618428706297903
17	41205930	41206030	 BRCA1	1.23115502570379
17	41206030	41206130	 BRCA1	0.977961113696068
17	41206130	41206230	 BRCA1	3.07197001304187
17	41206230	41206330	 BRCA1	4.60956549470661
17	41206330	41206430	 BRCA1	3.57687470595617
17	41206430	41206530	 BRCA1	2.85204727368228
17	41206530	41206630	 BRCA1	1.78147458733185
17	41206630	41206650	 BRCA1	0.398419695618278
17	41207043	41207143	 BRCA1	1.03170289043435
17	41207143	41207243	 BRCA1	1.98524368691307
17	41207243	41207343	 BRCA1	4.33468161349578
17	41207560	41207660	 BRCA1	0.789027227801737
17	41207660	41207680	 BRCA1	1.21770021829065
17	41207732	41207832	 BRCA1	1.06187453021081
17	41207832	41207932	 BRCA1	2.45622436655666
17	41207932	41208032	 BRCA1	0.993233982842315
17	41208032	41208132	 BRCA1	0.729670085768118
17	41208132	41208232	 BRCA1	1.33899940401238
17	41208232	41208332	 BRCA1	1.48862082821947
17	41208332	41208392	 BRCA1	0.957340257227397
17	41208424	41208524	 BRCA1	0.641583954360556
17	41208524	41208624	 BRCA1	1.36375941333377
17	41208624	41208724	 BRCA1	11.6435606532083
17	41208724	41208824	 BRCA1	4.89761765192887
17	41208824	41208924	 BRCA1	1.80942481051103
17	41208924	41209024	 BRCA1	3.07197001304176
17	41209024	41209124	 BRCA1	6.50975255477097
17	41209124	41209224	 BRCA1	1.81336472404421
17	41209224	41209264	 BRCA1	0.353437466841973
17	41210016	41210116	 BRCA1	0.820770017137904
17	41210116	41210216	 BRCA1	3.44997473549559
17	41210216	41210316	 BRCA1	2.05828326651336
17	41210316	41210416	 BRCA1	2.03141214474592
17	41210416	41210516	 BRCA1	1.21539945902212
17	41210516	41210616	 BRCA1	2.2766839749572
17	41210616	41210716	 BRCA1	0.617999724926543
17	41210716	41210816	 BRCA1	1.81107617437829
17	41210816	41210916	 BRCA1	2.40578433969164
17	41210916	41211016	 BRCA1	2.70873732083429
17	41211016	41211116	 BRCA1	2.86465915326137
17	41211116	41211216	 BRCA1	3.45065135856344
17	41211402	41211502	 BRCA1	0.229230486435956
17	41211502	41211602	 BRCA1	0.118354084170587
17	41211602	41211702	 BRCA1	0.0948618322900027
17	41211702	41211802	 BRCA1	5.37845571841476
17	41211802	41211902	 BRCA1	6.83388509570541
17	41211902	41211942	 BRCA1	6.41165953557776
17	41212168	41212268	 BRCA1	3.60379322556444
17	41212268	41212288	 BRCA1	3.73159547596673
17	41212451	41212551	 BRCA1	2.97786553037576
17	41212551	41212571	 BRCA1	3.37781012413925
17	41212789	41212889	 BRCA1	0.641583954360586
17	41212889	41212909	 BRCA1	0
17	41213126	41213226	 BRCA1	1.93518137872033
17	41213226	41213326	 BRCA1	0.617413149495772
17	41213326	41213426	 BRCA1	2.4307989180442
17	41213426	41213526	 BRCA1	1.02508276435579
17	41213526	41213606	 BRCA1	2.64826302782472
17	41213876	41213976	 BRCA1	1.66542314351235
17	41213976	41214076	 BRCA1	0.926999587390904
17	41214076	41214176	 BRCA1	1.0814248881075
17	41214176	41214276	 BRCA1	1.79319788098708
17	41214276	41214376	 BRCA1	3.72815365135836
17	41214376	41214476	 BRCA1	0.746154561034282
17	41214476	41214576	 BRCA1	4.59131268283882
17	41214576	41214601	 BRCA1	3.16190370499986
17	41215149	41215249	 BRCA1	0.578987040522716
17	41215249	41215349	 BRCA1	2.40866359323231
17	41215349	41215449	 BRCA1	1.94118350517063
17	41215449	41215549	 BRCA1	1.91508518137447
17	41215549	41215649	 BRCA1	0.97000092934415
17	41215649	41215749	 BRCA1	0.61741314949576
17	41215749	41215849	 BRCA1	2.20419901891042
17	41215849	41215949	 BRCA1	13.7129826867508
17	41215949	41216049	 BRCA1	4.38288747051515
17	41216049	41216149	 BRCA1	1.18507257785865
17	41216149	41216249	 BRCA1	1.94920149658088
17	41216249	41216349	 BRCA1	3.39899848709727
17	41216349	41216449	 BRCA1	1.44063068215955
17	41216449	41216549	 BRCA1	2.51119535285028
17	41216549	41216649	 BRCA1	1.61265114893534
17	41216649	41216749	 BRCA1	0.816269608654098
17	41216749	41216849	 BRCA1	1.3749618570269
17	41216849	41216889	 BRCA1	0.934189172561095
17	41217058	41217158	 BRCA1	0.261727990352097
17	41217158	41217258	 BRCA1	1.23473748146535
17	41217258	41217358	 BRCA1	1.19592989174376
17	41217358	41217418	 BRCA1	0.40260234441243
17	41217626	41217726	 BRCA1	2.97126629013241
17	41217726	41217826	 BRCA1	1.8739396660342
17	41217826	41217926	 BRCA1	1.93037682544226
17	41217926	41218026	 BRCA1	3.25479855128252
17	41218026	41218126	 BRCA1	3.34525845635314
17	41218126	41218226	 BRCA1	0.487246859508038
17	41218226	41218326	 BRCA1	1.18243485486171
17	41218326	41218406	 BRCA1	3.22274154742663
17	41218639	41218739	 BRCA1	4.34468463985989
17	41218739	41218839	 BRCA1	7.79164387454218
17	41218839	41218879	 BRCA1	0.580116772871473
17	41219141	41219241	 BRCA1	1.11674402959144
17	41219241	41219261	 BRCA1	1.02684855274513
17	41219509	41219609	 BRCA1	0.738631567403322
17	41219609	41219709	 BRCA1	0.954183958311741
17	41219709	41219809	 BRCA1	1.0434801551934
17	41219809	41219909	 BRCA1	0.356065012717151
17	41219909	41220009	 BRCA1	0.392846244864065
17	41220009	41220031	 BRCA1	0.13259029224779
17	41220241	41220341	 BRCA1	0.303728226475678
17	41220341	41220421	 BRCA1	0.761963469190925
17	41220471	41220571	 BRCA1	1.66336580760479
17	41220571	41220671	 BRCA1	3.91892386531185
17	41220671	41220771	 BRCA1	2.82688260224716
17	41220771	41220871	 BRCA1	3.48224839098321
17	41220871	41220971	 BRCA1	1.33899940401242
17	41220971	41221071	 BRCA1	2.35351591844373
17	41221071	41221171	 BRCA1	2.50894384226774
17	41221171	41221271	 BRCA1	2.28098047471633
17	41221271	41221371	 BRCA1	1.52561933736233
17	41221371	41221471	 BRCA1	1.61355620315751
17	41221471	41221571	 BRCA1	3.41592291404814
17	41221571	41221671	 BRCA1	2.5051614482753
17	41221671	41221771	 BRCA1	2.13900025735269
17	41221771	41221871	 BRCA1	1.52561933736231
17	41221871	41221971	 BRCA1	0.256266269737605
17	41222257	41222357	 BRCA1	0.879346000797889
17	41222357	41222457	 BRCA1	0.746154561034289
17	41222457	41222557	 BRCA1	0.847528403857152
17	41222557	41222657	 BRCA1	2.31307913920846
17	41222657	41222757	 BRCA1	2.30524933253882
17	41222757	41222857	 BRCA1	0.0848941956739672
17	41222857	41222957	 BRCA1	1.48319933982681
17	41222957	41223057	 BRCA1	2.30171666085479
17	41223057	41223157	 BRCA1	6.49042625988657
17	41223157	41223257	 BRCA1	10.693259616008
17	41223257	41223357	 BRCA1	3.68091551078481
17	41223357	41223457	 BRCA1	1.84031954643007
17	41223457	41223557	 BRCA1	0.729094804548372
17	41223557	41223657	 BRCA1	0.124011608526718
17	41223657	41223757	 BRCA1	0.1058159083591
17	41224361	41224461	 BRCA1	0
17	41224461	41224541	 BRCA1	0
17	41224835	41224935	 BRCA1	0.214439644637305
17	41224935	41225035	 BRCA1	0.245643545340811
17	41225035	41225135	 BRCA1	0.974600748290509
17	41225135	41225235	 BRCA1	0.793426685160011
17	41225235	41225335	 BRCA1	0.978797152321507
17	41225335	41225435	 BRCA1	1.70067615371151
17	41225435	41225535	 BRCA1	0.626088093114
17	41225535	41225635	 BRCA1	0.556532180224815
17	41225635	41225735	 BRCA1	0.297627860463745
17	41225735	41225788	 BRCA1	1.38078560663077
17	41225980	41226080	 BRCA1	0.796752333788155
17	41226080	41226180	 BRCA1	1.18477905739031
17	41226180	41226280	 BRCA1	0.875877670268218
17	41226280	41226380	 BRCA1	2.89476489654125
17	41226380	41226480	 BRCA1	5.14400787090141
17	41226480	41226580	 BRCA1	1.62045358318798
17	41226580	41226680	 BRCA1	1.38079764865677
17	41226680	41226780	 BRCA1	2.98601080327532
17	41226780	41226820	 BRCA1	1.82300231563218
17	41226942	41227042	 BRCA1	1.7075129812256
17	41227042	41227142	 BRCA1	0.393987536542743
17	41227142	41227242	 BRCA1	1.01689518991971
17	41227242	41227342	 BRCA1	0.727500697008364
17	41227342	41227442	 BRCA1	1.23223100325257
17	41227442	41227542	 BRCA1	0.805831344570665
17	41227749	41227849	 BRCA1	1.03071451049997
17	41227849	41227949	 BRCA1	2.2811873932789
17	41227949	41228049	 BRCA1	1.17908901763962
17	41228049	41228149	 BRCA1	0.596923648827017
17	41228149	41228249	 BRCA1	0.730870289261563
17	41228249	41228349	 BRCA1	0.844599624067058
17	41228349	41228449	 BRCA1	1.36412769379833
17	41228449	41228549	 BRCA1	1.87459916561055
17	41228549	41228649	 BRCA1	1.4108006879367
17	41228649	41228749	 BRCA1	1.2759159079591
17	41228749	41228849	 BRCA1	1.75448004393183
17	41228849	41228949	 BRCA1	1.59847674823438
17	41228949	41229049	 BRCA1	3.57351247132965
17	41229049	41229149	 BRCA1	3.35665385089393
17	41229149	41229249	 BRCA1	2.50358045106163
17	41229249	41229349	 BRCA1	1.27719943151728
17	41229349	41229369	 BRCA1	6.70973938723423
17	41229442	41229542	 BRCA1	0
17	41229542	41229562	 BRCA1	0
17	41229625	41229725	 BRCA1	0.578733422566549
17	41229725	41229745	 BRCA1	0.212451424706285
17	41230402	41230502	 BRCA1	0.50891695847421
17	41230502	41230602	 BRCA1	0.125378957358783
17	41230602	41230702	 BRCA1	2.01050225881991
17	41230702	41230802	 BRCA1	2.07327756103604
17	41230802	41230902	 BRCA1	1.6705052456136
17	41230902	41230942	 BRCA1	1.92233706337901
17	41231144	41231244	 BRCA1;RPL21P4	5.68082410341279
17	41231244	41231344	 BRCA1;RPL21P4	1.63964043641114
17	41231344	41231444	 BRCA1;RPL21P4	2.93446543090222
17	41231444	41231544	 BRCA1;RPL21P4	1.73131716882608
17	41231544	41231644	 BRCA1;RPL21P4	1.26799262063303
17	41231644	41231744	 BRCA1;RPL21P4	2.3017166608548
17	41231744	41231844	 BRCA1;RPL21P4	1.47984458372062
17	41231844	41231944	 BRCA1;RPL21P4	0.988799559883818
17	41231944	41232044	 BRCA1;RPL21P4	2.16384822699917
17	41232044	41232144	 BRCA1;RPL21P4	2.0332711788198
17	41232144	41232244	 BRCA1;RPL21P4	1.82810485438966
17	41232244	41232344	 BRCA1;RPL21P4	1.66542314351234
17	41232499	41232599	 BRCA1	1.04203457975091
17	41232599	41232689	 BRCA1	0.62193257932712
17	41232699	41232799	 BRCA1	1.47856060092869
17	41232799	41232899	 BRCA1	1.85194929646808
17	41232899	41232999	 BRCA1	2.35707746919153
17	41232999	41233099	 BRCA1	1.44320132645792
17	41233099	41233199	 BRCA1	0.933836152413858
17	41233199	41233299	 BRCA1	0.523865702603179
17	41233299	41233399	 BRCA1	0.561284681359604
17	41233399	41233499	 BRCA1	1.51374158776481
17	41233499	41233599	 BRCA1	2.63760762904385
17	41233599	41233699	 BRCA1	5.74017308225637
17	41233699	41233799	 BRCA1	3.16710458680476
17	41233799	41233899	 BRCA1	2.03155299062074
17	41233899	41233999	 BRCA1	1.07424718247555
17	41233999	41234099	 BRCA1	1.81279919311542
17	41234099	41234199	 BRCA1	1.95140076620309
17	41234199	41234299	 BRCA1	3.22867963373869
17	41234299	41234399	 BRCA1	1.3004044840478
17	41234399	41234499	 BRCA1	2.94617016579009
17	41234499	41234599	 BRCA1	1.39385769015004
17	41234599	41234699	 BRCA1	2.68831619635183
17	41234699	41234799	 BRCA1	0.860605780053191
17	41234799	41234899	 BRCA1	2.9354136351832
17	41234899	41234999	 BRCA1	0.238085793808638
17	41234999	41235099	 BRCA1	0.499470688714664
17	41235099	41235199	 BRCA1	0.455336794992471
17	41235199	41235219	 BRCA1	0.683005192488183
17	41235456	41235556	 BRCA1	1.74077078238043
17	41235556	41235656	 BRCA1	3.65202290402542
17	41235656	41235756	 BRCA1	3.87499922285995
17	41235756	41235856	 BRCA1	1.06644089458509
17	41235856	41235876	 BRCA1	0.270477829690548
17	41236443	41236543	 BRCA1	1.01770785708095
17	41236543	41236643	 BRCA1	1.45724525057848
17	41236643	41236743	 BRCA1	2.18203839733603
17	41236743	41236843	 BRCA1	4.42158381614521
17	41236843	41236943	 BRCA1	1.47002246022434
17	41236943	41237043	 BRCA1	1.00725932080882
17	41237043	41237143	 BRCA1	1.62772557594673
17	41237143	41237243	 BRCA1	2.17030076792558
17	41237243	41237283	 BRCA1	2.27220068967813
17	41237344	41237444	 BRCA1	0.430318255709571
17	41237444	41237544	 BRCA1	3.87286430138311
17	41237544	41237644	 BRCA1	2.21425577036061
17	41237644	41237744	 BRCA1	5.40803838651119
17	41237744	41237844	 BRCA1	2.77864894193643
17	41237844	41237944	 BRCA1	1.37916853094725
17	41237944	41238044	 BRCA1	0.823999633236104
17	41238044	41238144	 BRCA1	0.367874847920309
17	41238144	41238244	 BRCA1	0.284745212320876
17	41238244	41238344	 BRCA1	0.398643297249636
17	41238344	41238444	 BRCA1	0.768416444177537
17	41238444	41238544	 BRCA1	0.298461824413516
17	41238544	41238644	 BRCA1	0.762809668683293
17	41238644	41238744	 BRCA1	1.36412769379836
17	41238744	41238844	 BRCA1	1.93024717420082
17	41238844	41238944	 BRCA1	4.10294158457169
17	41238944	41239044	 BRCA1	3.05626527891558
17	41239044	41239144	 BRCA1	1.67733332000487
17	41239144	41239244	 BRCA1	1.42330121418976
17	41239244	41239344	 BRCA1	1.59292242531808
17	41239344	41239421	 BRCA1	1.49550463065971
17	41239668	41239768	 BRCA1	3.07366577671853
17	41239768	41239868	 BRCA1	1.8762232376256
17	41239868	41239968	 BRCA1	1.95140076620303
17	41239968	41240068	 BRCA1	0.308420258240264
17	41240068	41240168	 BRCA1	1.15359948652698
17	41240168	41240268	 BRCA1	1.53433067121415
17	41240268	41240368	 BRCA1	1.27129260578028
17	41240368	41240468	 BRCA1	1.48319933982681
17	41240468	41240568	 BRCA1	1.74284453592818
17	41240568	41240668	 BRCA1	1.4885685592862
17	41240668	41240768	 BRCA1	2.50657675910631
17	41240768	41240868	 BRCA1	0.569490424641765
17	41240868	41240968	 BRCA1	1.53676168309686
17	41240968	41241048	 BRCA1	1.2951258983196
17	41241154	41241254	 BRCA1	0.115746684513728
17	41241254	41241274	 BRCA1	0.227209800113592
17	41241349	41241449	 BRCA1	0.218969417566457
17	41241449	41241529	 BRCA1	0.224836803738488
17	41241667	41241767	 BRCA1	0.168385404408494
17	41241767	41241787	 BRCA1	0.30268871566293
17	41241806	41241906	 BRCA1	0.556710808539994
17	41241906	41242006	 BRCA1	2.15226539859621
17	41242006	41242106	 BRCA1	1.98404828173871
17	41242106	41242206	 BRCA1	1.90349062157701
17	41242206	41242306	 BRCA1	2.47179598991575
17	41242306	41242406	 BRCA1	1.95631028726805
17	41242631	41242731	 BRCA1	0.416355785879122
17	41242731	41242831	 BRCA1	0.464122697350448
17	41242831	41242931	 BRCA1	1.8058248805528
17	41242931	41243031	 BRCA1	2.85035933972128
17	41243031	41243131	 BRCA1	1.65848687820291
17	41243131	41243231	 BRCA1	4.15350664206382
17	41243231	41243331	 BRCA1	2.21135113160991
17	41243331	41243431	 BRCA1	3.85316678796241
17	41243431	41243531	 BRCA1	3.93545540371698
17	41243531	41243631	 BRCA1	7.52685939615939
17	41243631	41243731	 BRCA1	3.42547260200799
17	41243731	41243831	 BRCA1	5.48431456315893
17	41243831	41243931	 BRCA1	4.55388411001891
17	41243931	41244031	 BRCA1	3.58811767068254
17	41244031	41244131	 BRCA1	4.04788849360969
17	41244131	41244231	 BRCA1	3.21359856962286
17	41244231	41244331	 BRCA1	3.43005240719691
17	41244331	41244431	 BRCA1	4.5142350942575
17	41244431	41244531	 BRCA1	1.36914555917896
17	41244531	41244631	 BRCA1	2.80159875300368
17	41244631	41244731	 BRCA1	4.53337287722036
17	41244731	41244831	 BRCA1	4.14621719551733
17	41244831	41244931	 BRCA1	3.05312357123984
17	41244931	41245031	 BRCA1	3.31192102403639
17	41245031	41245131	 BRCA1	1.34929899556152
17	41245131	41245231	 BRCA1	2.16060477758753
17	41245231	41245331	 BRCA1	2.15513034012608
17	41245331	41245431	 BRCA1	3.56379841374687
17	41245431	41245531	 BRCA1	6.80976327220562
17	41245531	41245631	 BRCA1	3.50442933568761
17	41245631	41245731	 BRCA1	4.57968535687007
17	41245731	41245831	 BRCA1	2.97866153390339
17	41245831	41245931	 BRCA1	0.638599715757477
17	41245931	41246031	 BRCA1	2.00607787741636
17	41246031	41246131	 BRCA1	3.28594934202098
17	41246131	41246231	 BRCA1	1.70256353345755
17	41246231	41246331	 BRCA1	1.79789998448245
17	41246331	41246431	 BRCA1	1.61166268913925
17	41246431	41246531	 BRCA1	0.848204269887
17	41246531	41246631	 BRCA1	2.32763032201279
17	41246631	41246731	 BRCA1	6.35800843361608
17	41246731	41246831	 BRCA1	5.70072172086789
17	41246831	41246931	 BRCA1	2.77766759441979
17	41246931	41247031	 BRCA1	0.898055490176603
17	41247031	41247131	 BRCA1	0.899435221052001
17	41247131	41247231	 BRCA1	0.598703660117055
17	41247231	41247331	 BRCA1	1.82463555639606
17	41247331	41247412	 BRCA1	0.482026983423548
17	41247604	41247704	 BRCA1	0.317447725076746
17	41247704	41247804	 BRCA1	1.67415014968075
17	41247804	41247904	 BRCA1	2.78201366018688
17	41247904	41248004	 BRCA1	2.38001350606143
17	41248004	41248084	 BRCA1	1.64503234740919
17	41248372	41248472	 BRCA1	0.187402638271695
17	41248472	41248572	 BRCA1	0.328191933496023
17	41248572	41248672	 BRCA1	0.31711568843941
17	41248672	41248772	 BRCA1	0.782799651574225
17	41248772	41248872	 BRCA1	0.937013191360557
17	41248872	41248972	 BRCA1	2.24539900057002
17	41248972	41249072	 BRCA1	3.07720618842875
17	41249072	41249172	 BRCA1	0.743250446409302
17	41249172	41249272	 BRCA1	1.37560680866789
17	41249272	41249372	 BRCA1	2.1265265132706
17	41249372	41249472	 BRCA1	1.74077078238037
17	41249472	41249572	 BRCA1	1.1412759682989
17	41249572	41249672	 BRCA1	2.95234102714412
17	41249672	41249772	 BRCA1	0.832083786754668
17	41249772	41249872	 BRCA1	2.05999908308466
17	41249872	41249972	 BRCA1	3.18504866383308
17	41249972	41250035	 BRCA1	1.1665086571505
17	41250294	41250394	 BRCA1	0.29463468364938
17	41250394	41250414	 BRCA1	0
17	41250665	41250765	 BRCA1	0.887886899278952
17	41250765	41250845	 BRCA1	0.380197898879829
17	41251139	41251239	 BRCA1	0.430302890026598
17	41251239	41251319	 BRCA1	0.481793150866432
17	41251549	41251649	 BRCA1	0.552319059461647
17	41251649	41251749	 BRCA1	1.15731435393566
17	41251749	41251849	 BRCA1	5.2847543992786
17	41251849	41251949	 BRCA1	4.41855247568674
17	41251949	41252049	 BRCA1	1.05339784698659
17	41252049	41252149	 BRCA1	0.99333210788637
17	41252149	41252249	 BRCA1	0
17	41252249	41252349	 BRCA1	0.543308815221139
17	41252349	41252389	 BRCA1	0.505262995727516
17	41252510	41252610	 BRCA1	0.0384208222087716
17	41252610	41252710	 BRCA1	0
17	41252710	41252741	 BRCA1	0
17	41252998	41253098	 BRCA1	1.35096976121302
17	41253098	41253198	 BRCA1	0.978797152321511
17	41253198	41253238	 BRCA1	1.09041828836602
17	41253496	41253596	 BRCA1	0.147386127205289
17	41253596	41253616	 BRCA1	0.135195790570568
17	41253728	41253828	 BRCA1	2.14587033440601
17	41253828	41253928	 BRCA1	5.86313738657625
17	41253928	41254028	 BRCA1	8.12726253177001
17	41254028	41254088	 BRCA1	4.45976492953703
17	41254230	41254330	 BRCA1	0.0692526867527928
17	41254330	41254350	 BRCA1	0.0757366000375862
17	41254626	41254726	 BRCA1	0
17	41254726	41254746	 BRCA1	0
17	41254793	41254893	 BRCA1	0.26495368192272
17	41254893	41254993	 BRCA1	0.423100214490108
17	41254993	41255093	 BRCA1	1.99439713432482
17	41255093	41255193	 BRCA1	1.68662374445438
17	41255193	41255213	 BRCA1	1.86816946759503
17	41255469	41255569	 BRCA1	0.414621719551739
17	41255569	41255669	 BRCA1	0.207361861337753
17	41255669	41255769	 BRCA1	0.123599944985758
17	41255769	41255869	 BRCA1	0.227103155933597
17	41255869	41255889	 BRCA1	0.606950256681908
17	41256049	41256149	 BRCA1	1.17419947736241
17	41256149	41256249	 BRCA1	2.12560636981644
17	41256249	41256349	 BRCA1	2.67334761666989
17	41256349	41256449	 BRCA1	1.03288430644243
17	41256449	41256549	 BRCA1	1.56089455204342
17	41256549	41256649	 BRCA1	1.160537913105
17	41256649	41256749	 BRCA1	3.50351068107054
17	41256749	41256849	 BRCA1	1.13834198748377
17	41256849	41256949	 BRCA1	1.4923091220726
17	41256949	41257049	 BRCA1	1.27719943151721
17	41257049	41257149	 BRCA1	1.65408228648885
17	41257149	41257249	 BRCA1	2.43056053499381
17	41257249	41257349	 BRCA1	0.983846818363557
17	41257349	41257449	 BRCA1	0.588473438796554
17	41257449	41257549	 BRCA1	1.33287774838843
17	41257549	41257649	 BRCA1	0.851636834752814
17	41257649	41257749	 BRCA1	1.32806565206438
17	41257749	41257849	 BRCA1	0.768871972865462
17	41257849	41257909	 BRCA1	0.597457794424614
17	41258067	41258167	 BRCA1	1.3520095966306
17	41258167	41258267	 BRCA1	2.37610515109556
17	41258267	41258367	 BRCA1	2.05013015790093
17	41258367	41258467	 BRCA1	1.8105694844852
17	41258467	41258567	 BRCA1	1.00725932080881
17	41258567	41258667	 BRCA1	0.256266269737612
17	41258667	41258767	 BRCA1	0.525526602161171
17	41258767	41258867	 BRCA1	0.778988557254513
17	41258867	41258967	 BRCA1	0.768871972865451
17	41258967	41259067	 BRCA1	0.707451630617428
17	41259067	41259087	 BRCA1	0.432764527506293
17	41259359	41259459	 BRCA1	0.113551577967312
17	41259459	41259479	 BRCA1	0.121075486265619
17	41259646	41259746	 BRCA1	0.829243439103474
17	41259746	41259846	 BRCA1	0.556199752434773
17	41259846	41259946	 BRCA1	0.823999633236118
17	41259946	41260046	 BRCA1	1.74112419549672
17	41260046	41260126	 BRCA1	1.59207870156203
17	41260156	41260256	 BRCA1	0.630087662873182
17	41260256	41260356	 BRCA1	3.13945513279711
17	41260356	41260456	 BRCA1	3.33913649661273
17	41260456	41260516	 BRCA1	1.56111311859271
17	41261037	41261137	 BRCA1	0.262330220241078
17	41261137	41261237	 BRCA1	0.24215097253014
17	41261237	41261337	 BRCA1	0.438600349434682
17	41261337	41261437	 BRCA1	0.862052136052435
17	41261437	41261537	 BRCA1	2.2268432341527
17	41261537	41261637	 BRCA1	1.29307820407765
17	41261637	41261737	 BRCA1	2.79807960387601
17	41261737	41261837	 BRCA1	1.43831998757986
17	41261837	41261910	 BRCA1	2.28672892658019
17	41262162	41262262	 BRCA1	0.124417116803326
17	41262262	41262362	 BRCA1	0.130966425651051
17	41262362	41262462	 BRCA1	2.49611651060762
17	41262462	41262562	 BRCA1	1.71950481739498
17	41262562	41262662	 BRCA1	0.332506778656678
17	41262662	41262762	 BRCA1	0.706273669880597
17	41262762	41262803	 BRCA1	0.637305887907338
17	41263098	41263198	 BRCA1	0.169788391348535
17	41263198	41263298	 BRCA1	0.226157301573208
17	41263298	41263338	 BRCA1	0.154922774297005
17	41263857	41263957	 BRCA1	0.21265265132708
17	41263957	41264057	 BRCA1	0.113834198748375
17	41264057	41264097	 BRCA1	0.0189723664579596
17	41264366	41264466	 BRCA1	0.246779184011291
17	41264466	41264566	 BRCA1	0.154328912684971
17	41264566	41264666	 BRCA1	0.0759320566189698
17	41264666	41264766	 BRCA1	0
17	41264766	41264846	 BRCA1	0.0747741976096736
17	41265037	41265137	 BRCA1	1.27104332360488
17	41265137	41265237	 BRCA1	0.89953266370701
17	41265237	41265337	 BRCA1	0.617315650737793
17	41265337	41265437	 BRCA1	0.767089064525569
17	41265437	41265537	 BRCA1	0.366419186493506
17	41265537	41265637	 BRCA1	0.244952755756921
17	41265637	41265737	 BRCA1	0.100896238554351
17	41265737	41265837	 BRCA1	0.131674730874093
17	41265837	41265868	 BRCA1	0.113830832442999
17	41266172	41266272	 BRCA1	1.82692295461828
17	41266272	41266372	 BRCA1	1.69750162635149
17	41266372	41266472	 BRCA1	0.359579996895467
17	41266472	41266572	 BRCA1	0.707451630617396
17	41266572	41266672	 BRCA1	0.338592165103783
17	41266672	41266772	 BRCA1	0.167884776233169
17	41266772	41266872	 BRCA1	0.288399871632311
17	41266872	41266972	 BRCA1	0.334343886291328
17	41266972	41267072	 BRCA1	0.0376928835956029
17	41267072	41267172	 BRCA1	0.075701051978003
17	41267172	41267252	 BRCA1	0.356019701303225
17	41267533	41267633	 BRCA1	0.173616251937971
17	41267633	41267733	 BRCA1	0.0823999633236114
17	41267733	41267833	 BRCA1	0.493558368023618
17	41267833	41267933	 BRCA1	0.629017207539626
17	41267933	41268033	 BRCA1	0.910673589984932
17	41268033	41268133	 BRCA1	0.559126406701751
17	41268133	41268233	 BRCA1	0.88528347727724
17	41268233	41268333	 BRCA1	1.17853873459397
17	41268333	41268433	 BRCA1	0.662384204807275
17	41268433	41268533	 BRCA1	0.865981837644183
17	41268533	41268553	 BRCA1	1.06649983333055
17	41268843	41268943	 BRCA1	0.279807960387602
17	41268943	41269043	 BRCA1	0.335769552465324
17	41269043	41269143	 BRCA1	0.720999679081327
17	41269258	41269358	 BRCA1	0.784863783198649
17	41269358	41269458	 BRCA1	0.54041579975139
17	41269458	41269473	 BRCA1	1.30114449413245
17	41269639	41269739	 BRCA1	0.15703679421211
17	41269739	41269839	 BRCA1	0.170751298122558
17	41269839	41269939	 BRCA1	0.243031601516655
17	41269939	41270039	 BRCA1	0.853756490610729
17	41270039	41270139	 BRCA1	4.00208392383152
17	41270139	41270239	 BRCA1	1.18354084170585
17	41270239	41270339	 BRCA1	1.76542031638769
17	41270339	41270419	 BRCA1	0.0586125745531109
17	41270543	41270643	 BRCA1	0.283878944917254
17	41270643	41270743	 BRCA1	0.266575549676345
17	41270743	41270843	 BRCA1	0.121075486265617
17	41270843	41270943	 BRCA1	0.129698298326897
17	41270943	41271043	 BRCA1	0.385991360348075
17	41271043	41271143	 BRCA1	0.395775277753878
17	41271143	41271243	 BRCA1	0.189830141546912
17	41271243	41271343	 BRCA1	0.675188992994651
17	41271343	41271443	 BRCA1	0.546546812136726
17	41271443	41271543	 BRCA1	0.99801948456027
17	41271543	41271643	 BRCA1	1.25353578837229
17	41271643	41271743	 BRCA1	0.635011310945001
17	41271743	41271843	 BRCA1	0.0931877344502484
17	41271843	41271943	 BRCA1	0
17	41271943	41272043	 BRCA1	0
17	41272043	41272143	 BRCA1	0.243623429753521
17	41272143	41272243	 BRCA1	0.576799743265726
17	41272243	41272343	 BRCA1	0.299844221235334
17	41272343	41272443	 BRCA1	0.559126406701737
17	41272443	41272508	 BRCA1	0.207026286204218
17	41272789	41272889	 BRCA1	0.0248103471368558
17	41272889	41272909	 BRCA1	0.0237623686799405
17	41273696	41273796	 BRCA1	0.824931335977814
17	41273796	41273896	 BRCA1	0.883678910804516
17	41273896	41273996	 BRCA1	1.45500139401273
17	41273996	41274096	 BRCA1	2.05859270153945
17	41274096	41274196	 BRCA1	0.469421334574576
17	41274196	41274296	 BRCA1	1.72618197870099
17	41274296	41274396	 BRCA1	1.31011711901829
17	41274396	41274496	 BRCA1	0.112256936272331
17	41274496	41274596	 BRCA1	0.413834868460409
17	41274596	41274696	 BRCA1	3.2066542571925
17	41274696	41274762	 BRCA1	0
17	41274858	41274958	 BRCA1	0.0591770420850796
17	41274958	41274978	 BRCA1	0.0252455333458183
17	41275056	41275156	 BRCA1	0.0414723722676659
17	41275156	41275256	 BRCA1	0.0230842289175554
17	41275256	41275356	 BRCA1	0.701977558946254
17	41275356	41275409	 BRCA1	4.35222317766657
17	41275604	41275704	 BRCA1	2.90809690556132
17	41275704	41275804	 BRCA1	2.13900025735266
17	41275804	41275904	 BRCA1	0.880792399879729
17	41275904	41276004	 BRCA1	1.74545771413967
17	41276004	41276104	 BRCA1	2.02394849333718
17	41276104	41276204	 BRCA1	3.92094156227183
17	41276204	41276304	 BRCA1	1.34472877731013
17	41276304	41276404	 BRCA1	1.94578689538297
17	41276404	41276504	 BRCA1	3.34101049123758
17	41276504	41276604	 BRCA1	4.39498867993525
17	41276604	41276704	 BRCA1	2.0388414263292
17	41276704	41276744	 BRCA1	0.380197898879814
17	41276985	41277085	 BRCA1;NBR2	0.687801926956697
17	41277085	41277185	 BRCA1;NBR2	0.487530486427587
17	41277185	41277285	 BRCA1;NBR2	1.15657596840343
17	41277285	41277385	 BRCA1;NBR2	1.33701903268008
17	41277385	41277485	 BRCA1;NBR2	5.33422463443954
17	41277485	41277585	 BRCA1;NBR2	4.83931026918979
17	41277585	41277685	 BRCA1;NBR2	0
17	41277685	41277785	 BRCA1;NBR2	0
17	41277785	41277885	 BRCA1;NBR2	0
17	41277885	41277985	 BRCA1;NBR2	0
17	41277985	41278085	 BRCA1;NBR2	0
17	41278085	41278185	 BRCA1;NBR2	0
17	41278185	41278285	 BRCA1;NBR2	0
17	41278285	41278385	 BRCA1;NBR2	0
17	41278385	41278485	 BRCA1;NBR2	0
17	41278485	41278585	 BRCA1;NBR2	0
17	41278585	41278685	 BRCA1;NBR2	0
17	41278685	41278785	 BRCA1;NBR2	0
17	41278785	41278885	 BRCA1;NBR2	0
17	41278885	41278985	 BRCA1;NBR2	0
17	41278985	41279085	 BRCA1;NBR2	0
17	41279085	41279185	 BRCA1;NBR2	0
17	41279185	41279285	 BRCA1;NBR2	0
17	41279285	41279383	 BRCA1;NBR2	0
17	41280065	41280165	 NBR2	0
17	41280165	41280185	 NBR2	0
17	41280357	41280457	 NBR2	0
17	41280457	41280477	 NBR2	0
17	41280478	41280578	 NBR2	0
17	41280578	41280678	 NBR2	0
17	41280678	41280778	 NBR2	0
17	41280778	41280878	 NBR2	0
17	41280878	41280898	 NBR2	0
17	41280927	41281027	 NBR2	0
17	41281027	41281127	 NBR2	0
17	41281127	41281227	 NBR2	0
17	41281227	41281327	 NBR2	0
17	41281327	41281427	 NBR2	0
17	41281427	41281527	 NBR2	0
17	41281527	41281587	 NBR2	0
17	41281747	41281847	 NBR2	0
17	41281847	41281947	 NBR2	0
17	41281947	41282047	 NBR2	0
17	41282047	41282147	 NBR2	0
17	41282147	41282247	 NBR2	0
17	41282247	41282347	 NBR2	0
17	41282347	41282447	 NBR2	0
17	41282447	41282472	 NBR2	0
17	41282475	41282575	 NBR2	0
17	41282575	41282675	 NBR2	0
17	41282675	41282775	 NBR2	0
17	41282775	41282875	 NBR2	0
17	41282875	41282975	 NBR2	0
17	41282975	41283075	 NBR2	0
17	41283075	41283175	 NBR2	0
17	41283175	41283275	 NBR2	0
17	41283275	41283375	 NBR2	0
17	41283375	41283475	 NBR2	0
17	41283475	41283575	 NBR2	0
17	41283575	41283615	 NBR2	0
17	41283689	41283789	 NBR2	0
17	41283789	41283809	 NBR2	0
17	41284042	41284142	 NBR2	0
17	41284142	41284242	 NBR2	0
17	41284242	41284342	 NBR2	0
17	41284342	41284442	 NBR2	0
17	41284442	41284542	 NBR2	0
17	41284542	41284582	 NBR2	0
17	41285053	41285153	 NBR2	0
17	41285153	41285253	 NBR2	0
17	41285253	41285353	 NBR2	0
17	41285353	41285453	 NBR2	0
17	41285453	41285553	 NBR2	0
17	41285553	41285653	 NBR2	0
17	41285924	41286024	 NBR2	0
17	41286024	41286124	 NBR2	0
17	41286124	41286224	 NBR2	0
17	41286224	41286324	 NBR2	0
17	41286324	41286424	 NBR2	0
17	41286424	41286524	 NBR2	0
17	41286524	41286624	 NBR2	0
17	41286624	41286724	 NBR2	0
17	41286724	41286824	 NBR2	0
17	41286824	41286924	 NBR2	0
17	41286924	41287024	 NBR2	0
17	41287024	41287124	 NBR2	0
17	41287124	41287224	 NBR2	0
17	41287224	41287324	 NBR2	0
17	41287324	41287424	 NBR2	0
17	41287424	41287524	 NBR2	0
17	41287524	41287624	 NBR2	0
17	41287624	41287724	 NBR2	0
17	41287724	41287824	 NBR2	0
17	41287824	41287924	 NBR2	0
17	41287924	41288024	 NBR2	0
17	41288024	41288124	 NBR2	0
17	41288124	41288204	 NBR2	0
17	41289387	41289487	 NBR2	0
17	41289487	41289587	 NBR2	0
17	41289587	41289687	 NBR2	0
17	41289687	41289724	 NBR2	0
17	41289837	41289937	 NBR2	0
17	41289937	41289957	 NBR2	0
17	41290072	41290172	 NBR2	0
17	41290172	41290272	 NBR2	0
17	41290272	41290372	 NBR2	0
17	41290372	41290472	 NBR2	0
17	41290472	41290572	 NBR2	0
17	41290572	41290672	 NBR2	0
17	41290672	41290772	 NBR2	0
17	41290772	41290872	 NBR2	0
17	41290872	41290972	 NBR2	0
17	41290972	41291072	 NBR2	0
17	41291072	41291172	 NBR2	0
17	41291172	41291272	 NBR2	0
17	41291272	41291372	 NBR2	0
17	41291372	41291435	 NBR2	0
17	41291636	41291736	 NBR2	0
17	41291736	41291756	 NBR2	0
17	41291770	41291870	 NBR2	0
17	41291870	41291970	 NBR2	0
17	41291970	41292010	 NBR2	0
17	41292021	41292121	 NBR2	0
17	41292121	41292221	 NBR2	0
17	41292221	41292321	 NBR2	0
17	41292321	41292421	 NBR2	0
17	41292421	41292521	 NBR2	0
17	41292521	41292621	 NBR2	0
17	41292621	41292721	 NBR2	0
17	41292721	41292821	 NBR2	0
17	41292821	41292921	 NBR2	0
17	41292921	41293021	 NBR2	0
17	41293021	41293121	 NBR2	0
17	41293121	41293221	 NBR2	0
17	41293221	41293321	 NBR2	0
17	41293321	41293421	 NBR2	0
17	41293421	41293513	 NBR2	0
17	41293759	41293859	 NBR2	0
17	41293859	41293939	 NBR2	0
17	41294180	41294280	 NBR2	0
17	41294280	41294380	 NBR2	0
17	41294380	41294480	 NBR2	0
17	41294480	41294580	 NBR2	0
17	41294580	41294680	 NBR2	0
17	41294680	41294780	 NBR2	0
17	41295194	41295294	 NBR2	0
17	41295294	41295394	 NBR2	0
17	41295394	41295494	 NBR2	0
17	41295494	41295594	 NBR2	0
17	41295594	41295694	 NBR2	0
17	41295694	41295794	 NBR2	0
17	41295794	41295894	 NBR2	0
17	41295894	41295974	 NBR2	0
17	41296244	41296344	 NBR2	0
17	41296344	41296444	 NBR2	0
17	41296444	41296544	 NBR2	0
17	41296544	41296644	 NBR2	0
17	41296644	41296724	 NBR2	0
