chrom	loc.start	loc.end	num.mark	seg.mean
17	618874	7577099	14	1.5782
17	7577199	7578412	8	2.3974
17	7578512	7579920	8	3.1346
17	7826368	7829180	18	2.0557
17	7829280	29527606	39	0.3208
17	29527995	29556022	31	1.1122
17	29556122	29576149	30	0.2524
17	29579896	29657394	32	0.9027
17	29657494	29663500	9	0.3416
17	29663642	29665168	11	-0.3998
17	29665652	29679233	16	0.9841
17	29679333	29684216	9	-0.1911
17	29684316	29705937	17	1.172
17	33427923	33446170	26	2.0782
17	33446501	41196296	7	0.7545
17	41196396	41196696	4	-2.8455
17	41196796	41197170	3	0.4744
17	41197270	41198478	9	1.7444
17	41198718	41199768	12	0.1118
17	41199990	41200190	3	2.4777
17	41200587	41201492	10	0.0541
17	41201592	41202706	10	0.5791
17	41202806	41204149	12	-0.5806
17	41204249	41211802	56	0.76
17	41211902	41212551	5	4.3166
17	41212789	41215249	17	0.7761
17	41215349	41262762	386	-0.0372
17	41263098	41275156	89	-1.6333
17	41275256	41276404	11	0.5783
17	41276504	41277485	9	-0.7731
