Chr	Start	End	gene	tumorDOC	controlDOC	log2Ratio	pval	pvalOnMean
17	618874	619054	 VPS53	19.4407771555722	1.1009249095528	4.14229791669734	0.0531681662703816	1
17	7572877	7573057	 TP53	1.75194725089674	0.94784113871367	0.886242153643336	0.0968919924362221	1
17	7573859	7574099	 TP53	3.30415806913411	1.53885434042419	1.10242602568969	0.294776581729269	1
17	7576470	7576730	 TP53	2.96749948975669	1.13272486112047	1.38945030873246	0.0251901060630249	1
17	7576799	7577206	 TP53	3.23756419603073	1.39648082892213	1.21311303131557	0.0128220118313067	1
17	7577433	7577673	 TP53	5.28450471425137	0.765611232078322	2.78708436208151	0.000382709436700518	1
17	7578112	7578582	 TP53	6.65046520250431	1.33862057424623	2.31270816776641	0.012077442631951	1
17	7579300	7579600	 TP53	5.7437959893971	0.71678673672137	3.00238866039717	0.0273606048564852	1
17	7579620	7579965	 TP53	5.27411073093424	0.650350531374118	3.01963843243279	0.00105997648949326	1
17	7826368	7826548	 KCNAB3	5.41182456316283	1.06645834834644	2.34328745096365	0.0509508151927941	1
17	7826727	7826907	 KCNAB3	6.38380075203863	1.67240258845838	1.93249344216946	0.0312673606518272	1
17	7826968	7827208	 KCNAB3	5.81610706726719	1.12498014471657	2.37015428882616	0.0610692857041064	1
17	7827242	7827642	 KCNAB3	4.88674404240371	1.36991635261047	1.83478573656313	0.00968571653928828	1
17	7827685	7827865	 KCNAB3	4.99368247318077	1.05216529553693	2.24674271906944	0.0881388090070633	1
17	7828367	7828547	 KCNAB3	3.58840253457625	0.65092758730652	2.46277277161416	0.00988038615232784	1
17	7828932	7829112	 KCNAB3	4.24857217976173	1.5908121697703	1.41721457133619	0.0151900778339367	1
17	7829180	7829488	 KCNAB3;RP11-1099M24.7	1.98788133487534	1.62351760710291	0.292108608058639	0.738673943012772	1
17	7830611	7830791	 KCNAB3;RP11-1099M24.7	1.28038189392792	1.46408650000213	-0.193426611535046	0.562815977612744	0.0124989085770187
17	7830903	7831212	 KCNAB3;RP11-1099M24.7	1.70462963229742	1.98049822505198	-0.216405091724302	0.557450745673368	7.6754069923165e-05
17	7831556	7831736	 KCNAB3;RP11-1099M24.7	1.07729208669258	0.47087370455787	1.19399739725404	0.0146710587167096	1
17	7832420	7832780	 KCNAB3;RP11-1099M24.7	1.19685192385997	1.21012357667875	-0.0159097105413017	0.871716113570147	0.00064001186628877
17	29422186	29422426	 RP11-848P1.5;NF1	1.22487723834065	1.29644950848365	-0.0819288557711078	0.868796498719635	0.138113164636626
17	29482952	29483192	 NF1	1.80766765775524	1.31990049250215	0.453700291931501	0.1253212995335	1
17	29485979	29486159	 NF1	1.47418456690269	1.13190710675169	0.381161596112445	0.263467532750048	1
17	29490178	29490418	 NF1	1.85495182278941	1.08379265661447	0.775292940252592	0.106909964351873	1
17	29496841	29497081	 NF1	1.33832267173866	1.08786223904652	0.298930120895358	0.00865101077554448	1
17	29508383	29508563	 NF1	2.23431209338858	1.06472949465611	1.06934377288566	0.00136863710827535	1
17	29508675	29508855	 NF1	1.11664270900852	0.715316215720874	0.642514590142862	0.138120469545788	1
17	29509484	29509724	 NF1	1.49377311944781	1.11384482126318	0.423412789012349	0.346439032833081	1
17	29527406	29527646	 NF1	1.89552644083681	1.33515337586068	0.505593099755933	0.166750016747598	1
17	29527995	29528235	 NF1	2.93828185464921	1.34252265301364	1.13002636135012	0.0289599795848669	1
17	29528375	29528555	 NF1	2.13974940962827	0.807851591376722	1.40527966146481	0.0401135877118442	1
17	29533203	29533443	 NF1	2.96504310646396	1.26819459555975	1.22527694525759	0.0552465426327635	1
17	29541415	29541655	 NF1	2.08074639663155	0.943014094298409	1.14174990002217	0.0563740816399382	1
17	29545959	29546199	 NF1	1.97730958674015	1.04258656429359	0.923371597758027	0.072998572247293	1
17	29548817	29549057	 NF1	1.36004078821986	0.677799578289156	1.00471927485745	0.0855395315462751	1
17	29550403	29550643	 NF1	2.15921202891434	1.10363825703324	0.968237546229564	0.0422983094196438	1
17	29552070	29552310	 NF1	2.39789075037173	1.28833219403728	0.896261292397576	0.109085703636642	1
17	29553427	29553727	 NF1	2.61467201123067	1.63669693947488	0.675842775216842	0.210786656397427	1
17	29554182	29554362	 NF1	2.66405529726974	1.14879869420711	1.21349801403446	0.138703368291258	1
17	29554492	29554672	 NF1	2.27094514572191	0.991972256235079	1.19492118184244	0.0041240562301846	1
17	29556022	29556502	 NF1	2.23574574608476	1.5810332094416	0.499888459384631	0.246828505620496	1
17	29556802	29557042	 NF1	1.27507986183008	0.914860827702343	0.478963413307051	0.315916128868669	1
17	29557218	29557458	 NF1	1.4455066075391	0.810847849604326	0.834072071032956	0.0819116832163207	1
17	29557811	29557991	 NF1	0.674449789020868	1.11958438978936	-0.731180329360937	0.304444688564887	1.23453368865489e-18
17	29559028	29559268	 NF1	1.25762365895224	0.608946484018688	1.04631291296333	0.124374386698345	1
17	29559688	29559928	 NF1	1.58643995464576	1.43295868733724	0.146795900718334	0.409987884975098	1
17	29560005	29560245	 NF1	1.56865190014809	1.74769049373895	-0.155924475113084	0.712480357962608	0.00243507840889896
17	29562589	29562829	 NF1	2.00347864628281	1.64968088527867	0.28032015700798	0.319760827871336	1
17	29562867	29563107	 NF1	1.72957190538145	1.52569756272707	0.180945986958643	0.763835885328609	1
17	29575949	29576189	 NF1	1.89525008946919	1.86924234498931	0.0199346082483587	0.82678416162414	1
17	29579896	29580076	 NF1	1.668054047046	0.465875048373619	1.84015106580366	0.0731792158921607	1
17	29584630	29584810	 NF1	1.38863670095098	1.08398849237839	0.357319765617251	0.0476362726398525	1
17	29585320	29585560	 NF1	2.10266888707587	0.900961509617865	1.22268430444393	0.0737613247868666	1
17	29586008	29586188	 NF1	1.54389674313853	0.636917089909807	1.27739877907892	0.0294494070864113	1
17	29587339	29587579	 NF1	2.1462146346687	1.2495804396117	0.780350586240907	0.0662092294288348	1
17	29588681	29588921	 NF1	2.35162511528812	1.40510308783085	0.742982110873326	0.242198929730753	1
17	29592181	29592421	 NF1	2.51395633725616	1.29905684226115	0.952495033505748	0.166796649834312	1
17	29626485	29626665	 NF1	1.98895396024423	1.27683628058055	0.639436330833967	0.00400811186426365	1
17	29652813	29653293	 NF1	3.04073362505328	1.93619483445974	0.651195303925639	0.0260328235128097	1
17	29654476	29654896	 NF1	3.19605989275433	1.84993036568383	0.78882347755701	0.00814986470857112	1
17	29657294	29657534	 NF1	2.42568455403952	1.39989667097616	0.793071605633231	0.0352989930573253	1
17	29661624	29661804	 NF1	1.18583456919463	1.39799463160332	-0.23745606108531	0.0114603410038825	0.00064001186628877
17	29661832	29662072	 NF1	1.82912855697501	1.27617535624912	0.519329895797603	0.0581535624340299	1
17	29663300	29663540	 NF1	2.09128758495362	1.50416580758918	0.475427861532389	0.130881868053146	1
17	29663642	29663942	 NF1	1.24600812421096	1.40482249584615	-0.173074377441704	0.687782419089911	0.00506150667643081
17	29664372	29664612	 NF1	1.18795808320662	1.55650098629389	-0.389822559071123	0.0225138647237307	8.71055676287992e-14
17	29664776	29664956	 NF1	1.26653537168425	1.32012336469575	-0.059785385756605	0.866618670817586	0.203354640975847
17	29664968	29665208	 NF1	0.975355303476082	1.74005361933498	-0.835131996842335	0.0529698699053179	5.03182864042481e-54
17	29665652	29665892	 NF1	1.42778827142039	0.873390961111392	0.709082550520631	0.194730717640644	1
17	29667472	29667712	 NF1	2.5677061003788	1.08443731303606	1.24353342202951	0.0568194643822346	1
17	29669969	29670209	 NF1	2.05011214357241	1.0346930353664	0.986500005298854	0.0159370520800728	1
17	29676083	29676323	 NF1	2.11578269040226	0.812221922584091	1.38124558501025	0.0353538127726742	1
17	29677148	29677388	 NF1	1.73715362967966	1.12577606547071	0.625805466893825	0.0254159730172123	1
17	29679233	29679473	 NF1	2.20972870954444	1.7414956012715	0.343542430550828	0.348866582963505	1
17	29683418	29683658	 NF1	0.848222321084021	0.873658401804403	-0.0426268517660247	0.930363721506065	1
17	29683922	29684162	 NF1	1.25715802024518	1.71033807824225	-0.444115524475135	0.0361235296510182	1.56302818979382e-19
17	29684216	29684456	 NF1	2.36626128282349	1.23176524764249	0.941882054575853	0.331643594461029	1
17	29685448	29685688	 NF1	2.85056338631152	1.05350817283279	1.43604557595548	0.00877024242928545	1
17	29685919	29686099	 NF1	3.00400580182637	0.796135396215117	1.91580188791796	0.104331962383122	1
17	29687466	29687766	 NF1	3.00827178278681	1.75166293844926	0.780209720558286	0.0619262073479349	1
17	29694179	29694359	 NF1	1.86928611501659	1.33078112187161	0.490214100728241	0.310411453240614	1
17	29700981	29701221	 NF1	3.08191147926714	1.21150311914175	1.34702730522757	0.058633368437352	1
17	29705837	29706017	 NF1	2.14366982395362	1.36553098214687	0.65062066624399	0.400419531451252	1
17	33427923	33428103	 RAD51L3-RFFL;RAD51D	4.19447710023031	1.29416482204196	1.69646960235804	0.0194071600461163	1
17	33428181	33428421	 RAD51L3-RFFL;RAD51D	4.3806902348254	1.12805519076422	1.95732054897054	0.0387101563437281	1
17	33430217	33430397	 RAD51L3-RFFL;RAD51D	4.76075315434761	1.18744262718146	2.00333201745325	0.0238907576159619	1
17	33430427	33430607	 RAD51L3-RFFL;RAD51D	5.25707800067455	1.47492000545562	1.83362443089915	0.151031228690804	1
17	33433146	33433326	 RAD51L3-RFFL;RAD51D	5.47219531996557	1.47303387838609	1.89332911411682	0.0610942998786592	1
17	33433362	33433542	 RAD51L3-RFFL;RAD51D	6.34153694775108	1.34485480485022	2.2373821143667	0.0717558081584178	1
17	33433953	33434193	 RAD51L3-RFFL;RAD51D	5.23104881523803	0.95237022524631	2.45750581082407	0.0644586955967725	1
17	33434335	33434515	 RAD51L3-RFFL;RAD51D	5.72730311093308	0.960818163737783	2.57552062869154	0.13893170228938	1
17	33443846	33444086	 RAD51L3-RFFL;RAD51D	5.3216188336658	1.41740573675353	1.90861238629875	0.116051243937026	1
17	33445458	33445698	 RAD51L3-RFFL;RAD51D	5.3300852389472	1.34989488503127	1.98131153438319	0.0661234874785214	1
17	33446070	33446250	 RAD51L3-RFFL;RAD51D	5.01799952791951	1.47019616873967	1.77110366786116	0.196439571972859	1
17	33446501	33446852	 RAD51L3-RFFL;RAD51D	3.64623254221645	1.76501581438928	1.04672546368829	0.00156242904131875	1
17	36096424	36096604	 HNF1B	1.08748484611866	0.507715726659729	1.09890244361756	0.494088267486473	1
17	41196296	41196896	 BRCA1	0.501633710899446	1.39635525630013	-1.47695982534753	0.0613918874017066	5.34570923218788e-268
17	41197070	41197970	 BRCA1	4.11541636903535	1.6044624390007	1.35894838377741	0.0034272607423645	1
17	41198378	41198498	 BRCA1	1.82388756835787	0.406952106731018	2.16408587672402	0.101596160253184	1
17	41198718	41199158	 BRCA1	0.69478445757229	1.21694295567166	-0.80862415692818	0.191547356690998	3.87050124102017e-117
17	41199168	41199795	 BRCA1	1.68325446465456	1.26547646484421	0.411572614774184	0.00483320899185647	1
17	41199990	41200230	 BRCA1	1.2963419969311	0.230183810444431	2.49358810292983	0.0200645779111637	1
17	41200587	41200707	 BRCA1	0.577265652651844	0.392916964057587	0.555010930426146	0.236536556483535	1
17	41200792	41202352	 BRCA1	2.19318195688178	1.78044523711693	0.300787447857797	0.0362409388355984	1
17	41202606	41203686	 BRCA1	1.15756499567223	1.50672074640316	-0.380318853463223	0.136120191534637	5.29188495075446e-46
17	41203949	41204369	 BRCA1	1.09876316969693	1.37463518434446	-0.323168333800919	0.423826982469424	9.08855943635542e-10
17	41204451	41204895	 BRCA1	1.45216093015736	0.887477494490031	0.710418903500595	0.0153290625381459	1
17	41205107	41205407	 BRCA1	1.38491241263254	1.59990617769769	-0.208192567136785	0.347660218137397	0.000581498853969137
17	41205930	41206650	 BRCA1	1.8590447976735	1.19245815813522	0.640622890753975	0.0251475657657086	1
17	41207043	41207343	 BRCA1	1.66147283084519	1.70864837222923	-0.0403928294851187	0.903579191955206	0.644970010548563
17	41207560	41207680	 BRCA1	1.21770021829065	0.522074488387173	1.22183143749001	0	0
17	41207732	41208392	 BRCA1	1.19232485696588	0.873122683293952	0.449521073716986	0.09536863184101	1
17	41208424	41209264	 BRCA1	1.88776527799204	1.22781473035548	0.620586509856213	0.00162809345121466	1
17	41210016	41211216	 BRCA1	2.16721162422488	1.34135969740954	0.692143876327685	0.00708633619486886	1
17	41211402	41211942	 BRCA1	3.21719344565421	1.5309900143296	1.07133781288395	0.00583433900638274	1
17	41212789	41212909	 BRCA1	1.87196422585417	0.412107393672288	2.18346061203921	0	0
17	41213126	41213606	 BRCA1	1.58627400207967	1.56809688432724	0.0166272951784666	0.970465297482176	0.910769418233131
17	41213876	41214601	 BRCA1	1.79172602171525	0.936743213172529	0.935624522176482	0.0255714822990324	1
17	41215149	41216889	 BRCA1	1.75688367407746	1.55866926767144	0.172703834865051	0.136658599584263	1
17	41217058	41217418	 BRCA1	0.980674331830327	1.34197703871035	-0.452513964836346	0.150335586763656	9.67796161440429e-15
17	41217626	41218406	 BRCA1	2.20314704944567	1.5659575910367	0.492520648824755	0.0320678220439728	1
17	41218639	41218879	 BRCA1	1.33232168056822	0.628790023373856	1.08329222144646	0.0423571165770575	1
17	41219141	41219261	 BRCA1	1.07179629116829	0.906551334935673	0.241570106549505	0.0355844409282117	1
17	41219509	41220031	 BRCA1	0.61472261924843	1.25197953485921	-1.02620350347695	0.00865421060566119	3.87050124102017e-117
17	41220241	41220421	 BRCA1	0.57865636765632	0.460741805835081	0.328748356726599	0.441478812154484	1
17	41220471	41221971	 BRCA1	2.0859048535309	1.80942995890919	0.205138088648005	0.0646916175535679	1
17	41222257	41223757	 BRCA1	1.51920293961399	1.93830402348064	-0.351480273410554	0.0380575163951925	1.33410029044534e-222
17	41224835	41225788	 BRCA1	0.743961801114796	1.3445404674731	-0.853812724708973	0.0219942722223445	2.13986653529228e-107
17	41225980	41226820	 BRCA1	1.55331905561405	1.61617094962284	-0.0572256131334519	0.812969349493776	0.0611872150077136
17	41226942	41227542	 BRCA1	1.02722792117324	1.05928130131309	-0.0443294382304496	0.942675915424363	1
17	41227749	41229369	 BRCA1	1.4706370040408	1.39475796943813	0.0764263967098868	0.477473759232078	1
17	41229442	41229562	 BRCA1	0.0198987303765231	0.244589924420381	-3.61961668630078	0.0984855047638601	4.06781358248001e-15
17	41229625	41229745	 BRCA1	0.395592423636417	0.255859413457173	0.628663482677923	0.598010293585951	1
17	41230402	41230942	 BRCA1	1.38515300744693	1.15662859906436	0.26011966867608	0.721123887126816	0.0109659869376184
17	41231144	41232344	 BRCA1;RPL21P4	1.84587289316198	1.29299220160846	0.513589638515641	0.00889180760016955	1
17	41232499	41232689	 BRCA1	1.10658845132231	0.271601308824676	2.0265564356461	0	0
17	41232699	41235219	 BRCA1	1.57291350737898	1.74851617237813	-0.152691799003785	0.246225754677424	2.46233242596169e-13
17	41235456	41235876	 BRCA1	1.35119786958729	1.15888218213276	0.221505056507785	0.37674330816444	1
17	41236443	41237283	 BRCA1	1.68242308777996	1.65295189301337	0.0254958158229187	0.855977494619354	1
17	41237344	41239421	 BRCA1	1.42836420699727	1.62884640434337	-0.189486680798863	0.0572618651741012	1.75609593193382e-88
17	41239668	41241048	 BRCA1	1.50515173835704	1.37869395475299	0.126606696192232	0.488186867166726	1
17	41241154	41241274	 BRCA1	0.17147824231366	0.347268884591112	-1.01802761611969	0.243909134687873	2.87317127676242e-08
17	41241349	41241529	 BRCA1	0.221903110652472	1.09654346927783	-2.30496120801189	0.00116491945926002	2.27173450143204e-83
17	41241667	41241787	 BRCA1	0.235537060035712	0.218433077150526	0.108762736237942	0.862198083278221	1
17	41241806	41242406	 BRCA1	1.51832133876869	1.0078460012959	0.591201944113857	0.000910162116655185	1
17	41242631	41247412	 BRCA1	2.75223826277133	1.84142870850967	0.579779826417414	1.53529118187597e-06	1
17	41247604	41248084	 BRCA1	1.12793549638792	1.49394673796785	-0.405444148004238	0.152973333558981	2.95417406447777e-36
17	41248372	41250035	 BRCA1	1.25637801800671	1.25996510872253	-0.00411317632908259	0.796360164439615	0.0361541283184468
17	41250294	41250414	 BRCA1	0.29463468364938	0.246366304282083	0.258122319817722	0.290018979456217	0.889719242060597
17	41250665	41250845	 BRCA1	0.634042399079391	0.399513099736315	0.666336509296845	0.610892277712548	1
17	41251139	41251319	 BRCA1	0.456048020446515	0.696193000884833	-0.610301566410999	0.159651342678536	6.5077002474412e-08
17	41251549	41252389	 BRCA1	0.878405335315284	1.28877995782264	-0.553047241360684	0.00254493876593995	2.70209122349223e-46
17	41252998	41253238	 BRCA1	1.04443770953502	1.35784887669631	-0.378596469802866	0.217481421332671	3.23396423964607e-10
17	41253496	41253616	 BRCA1	0.531583596175994	0.196285935111202	1.43733978598078	2.54980481173561e-11	1.15378667731036e-10
17	41253728	41254088	 BRCA1	1.14983161596455	0.96653513622678	0.250528520536855	0.438161495021678	1
17	41254230	41254350	 BRCA1	0.0724946433951895	0.290723115701003	-2.00369948230918	0.0720271904766432	1.53052620195783e-13
17	41254793	41255213	 BRCA1	0.661817411276017	0.717015239737506	-0.115570535917222	0.432574711249584	0.042034469258236
17	41255469	41255889	 BRCA1	0.463669647399238	0.938895534901367	-1.01786735851343	0.0837664941032922	2.18603093538245e-53
17	41256049	41257909	 BRCA1	1.29942513622309	1.48018772514113	-0.187906639362028	0.0568353253879453	1.43710541579069e-16
17	41258067	41259087	 BRCA1	0.936286341184008	1.50414900046423	-0.683925770159516	0.0338207912155281	2.13035682373558e-152
17	41259359	41259479	 BRCA1	0.179327109551414	0.423490574200798	-1.23973625696291	0.160325922194858	3.1420276798593e-13
17	41259646	41260126	 BRCA1	0.997119817472273	1.35895175462622	-0.446655459062228	0.187619690090382	2.50380556063997e-28
17	41260156	41260516	 BRCA1	1.24873048378362	0.4736916566205	1.39844196422375	0.0204433215934828	1
17	41261037	41261910	 BRCA1	1.29553736427974	1.23818853574105	0.0653196178445932	0.7023274523057	1
17	41262162	41262803	 BRCA1	0.82158058369858	0.482843882789751	0.766845287078157	0.00658271997686983	1
17	41263098	41263338	 BRCA1	0.183622822406249	0.421273822098442	-1.19801288792121	0.0110777723954512	3.88873206035918e-18
17	41263857	41264097	 BRCA1	0.115153072177805	0.824971063879384	-2.84079061584383	0.162028568770025	7.9548229047499e-154
17	41264366	41264846	 BRCA1	0.137953587731226	0.615444198446969	-2.15744507823179	0.064703376021414	7.44752799929945e-81
17	41265037	41265868	 BRCA1	0.439064420392611	1.05862353743907	-1.26968510087962	0.000452097374762768	4.30609007644566e-237
17	41266172	41267252	 BRCA1	0.400938853160585	1.44778473612748	-1.85239297686536	0.0005857123053113	0
17	41267533	41268553	 BRCA1	0.682461806833157	1.22059131725485	-0.838760018183183	0.0107433654101518	7.00852208459445e-198
17	41268843	41269143	 BRCA1	0.445525730644751	1.3601486960021	-1.61018372047063	0.0529572714473754	1.21495351823054e-114
17	41269258	41269473	 BRCA1	0.808176691630485	0.337472254063899	1.25990185074045	0.101653030182899	1
17	41269639	41270419	 BRCA1	0.504641108177555	1.43317658682368	-1.50588674170413	3.48338548070483e-05	0
17	41270543	41272508	 BRCA1	0.417688885356108	1.22634627809552	-1.55386574490581	5.28675920965384e-07	0
17	41272789	41272909	 BRCA1	0.0242863579083982	0.472361414722415	-4.28167306341163	0.0157010095439098	4.76973517156281e-38
17	41273696	41274762	 BRCA1	0.889537779290052	1.78348630901891	-1.00357235678847	0.000514086901437566	0
17	41275056	41275409	 BRCA1	0.581554972509976	0.462856616914504	0.329350224828477	0.632229601162485	8.71055676287992e-14
17	41275604	41276744	 BRCA1	1.94224405159731	1.61117608440684	0.2696103193093	0.161555217521501	1
17	41276985	41279383	 BRCA1;NBR2	1.11017991474473	2.10890733469601	-0.925702207196684	0.00577712377241901	4.29812471125169e-137
